#Coleta - 2017-06-26 18:44:01.072087
#Quaternions das seguintes Joints: 
#q_w	q_x	q_y	q_z
#RIGHT WRIST	RIGHT ELBOW	UNILAT TORSO	LEFT ELBOW	LEFT WRIST
#*#*#*#*#*#*#*#*#*#*#*#*#*#*#*#*#*#*#*#*#*#*#*#*#*#*#*#*#*#*#*#*#*#*#*#* DADOS: ************************************
0.999951	-0.000057	-0.000060	0.000613	0.999904	0.000049	0.000062	0.000485	0.999900	0.000026	0.000020	0.000673	0.999968	-0.001011	0.002917	-0.002345	0.999942	0.000448	-0.002296	0.000848
0.999951	-0.000057	-0.000060	0.000613	0.999904	0.000049	0.000062	0.000485	0.999903	0.000026	-0.000041	0.000675	0.999968	-0.001011	0.002917	-0.002345	0.999942	0.000448	-0.002296	0.000848
0.999953	-0.000057	-0.000060	0.000552	0.999904	0.000049	0.000062	0.000485	0.999902	0.000087	-0.000041	0.000678	0.999968	-0.001011	0.002917	-0.002345	0.999942	0.000448	-0.002296	0.000848
0.999951	-0.000057	-0.000060	0.000613	0.999903	0.000043	0.000061	0.000425	0.999902	0.000087	-0.000041	0.000678	0.999972	-0.001007	0.002978	-0.002349	0.999942	0.000448	-0.002296	0.000848
0.999953	-0.000057	-0.000060	0.000552	0.999903	0.000043	0.000061	0.000425	0.999903	0.000026	-0.000041	0.000675	0.999972	-0.001007	0.002978	-0.002349	0.999942	0.000448	-0.002296	0.000848
0.999951	-0.000057	-0.000060	0.000613	0.999903	0.000043	0.000061	0.000425	0.999900	0.000026	0.000020	0.000673	0.999972	-0.001007	0.002978	-0.002349	0.999943	0.000387	-0.002297	0.000848
0.999951	-0.000057	-0.000060	0.000613	0.999904	0.000049	0.000062	0.000485	0.999903	0.000026	-0.000041	0.000675	0.999976	-0.001003	0.003038	-0.002354	0.999943	0.000387	-0.002297	0.000848
0.999951	-0.000057	-0.000060	0.000613	0.999904	0.000049	0.000062	0.000485	0.999903	0.000026	-0.000041	0.000675	0.999976	-0.001003	0.003038	-0.002354	0.999943	0.000387	-0.002297	0.000848
0.999951	-0.000057	-0.000060	0.000613	0.999904	0.000049	0.000062	0.000485	0.999903	0.000026	-0.000041	0.000675	0.999972	-0.000999	0.003042	-0.002293	0.999945	0.000387	-0.002357	0.000910
0.999951	-0.000057	-0.000060	0.000613	0.999904	-0.000011	0.000061	0.000492	0.999903	0.000026	-0.000041	0.000675	0.999972	-0.000999	0.003042	-0.002293	0.999945	0.000387	-0.002357	0.000910
0.999951	0.000004	-0.000062	0.000612	0.999904	0.000049	0.000062	0.000485	0.999904	0.000029	-0.000043	0.000614	0.999976	-0.001003	0.003038	-0.002354	0.999944	0.000388	-0.002358	0.000849
0.999951	0.000004	-0.000062	0.000612	0.999904	0.000049	0.000062	0.000485	0.999904	0.000029	-0.000043	0.000614	0.999976	-0.001003	0.003038	-0.002354	0.999944	0.000388	-0.002358	0.000849
0.999951	0.000004	-0.000062	0.000612	0.999904	-0.000011	0.000061	0.000492	0.999904	0.000029	-0.000043	0.000614	0.999976	-0.001003	0.003038	-0.002354	0.999944	0.000388	-0.002358	0.000849
0.999953	0.000004	-0.000062	0.000551	0.999904	0.000049	0.000062	0.000485	0.999904	0.000029	-0.000043	0.000614	0.999976	-0.000938	0.003095	-0.002362	0.999944	0.000387	-0.002296	0.000909
0.999953	0.000004	-0.000062	0.000551	0.999904	-0.000011	0.000061	0.000492	0.999904	0.000029	-0.000043	0.000614	0.999972	-0.000942	0.003034	-0.002358	0.999944	0.000387	-0.002296	0.000909
0.999954	-0.000055	0.000001	0.000552	0.999904	-0.000011	0.000061	0.000492	0.999904	0.000029	-0.000043	0.000614	0.999976	-0.001003	0.003038	-0.002354	0.999944	0.000387	-0.002296	0.000909
0.999952	-0.000055	0.000001	0.000613	0.999904	-0.000011	0.000061	0.000492	0.999902	0.000090	-0.000043	0.000617	0.999980	-0.000999	0.003099	-0.002358	0.999945	0.000387	-0.002357	0.000910
0.999952	-0.000055	0.000001	0.000613	0.999904	-0.000011	0.000061	0.000492	0.999902	0.000090	-0.000043	0.000617	0.999980	-0.000999	0.003099	-0.002358	0.999945	0.000387	-0.002357	0.000910
0.999952	-0.000055	0.000001	0.000613	0.999904	-0.000011	0.000061	0.000492	0.999902	0.000090	-0.000043	0.000617	0.999976	-0.000938	0.003095	-0.002362	0.999945	0.000387	-0.002357	0.000910
0.999952	-0.000055	0.000001	0.000613	0.999904	-0.000011	0.000061	0.000492	0.999899	0.000090	0.000018	0.000616	0.999976	-0.000938	0.003095	-0.002362	0.999945	0.000387	-0.002357	0.000910
0.999952	-0.000055	0.000001	0.000613	0.999904	-0.000011	0.000061	0.000492	0.999899	0.000090	0.000018	0.000616	0.999972	-0.000942	0.003034	-0.002358	0.999944	0.000387	-0.002296	0.000909
0.999952	-0.000055	0.000001	0.000613	0.999904	-0.000011	0.000061	0.000492	0.999902	0.000090	-0.000043	0.000617	0.999972	-0.000942	0.003034	-0.002358	0.999944	0.000387	-0.002296	0.000909
0.999952	-0.000055	0.000001	0.000613	0.999904	-0.000011	0.000061	0.000492	0.999899	0.000090	0.000018	0.000616	0.999972	-0.000942	0.003034	-0.002358	0.999944	0.000387	-0.002296	0.000909
0.999952	-0.000055	0.000001	0.000613	0.999904	-0.000011	0.000061	0.000492	0.999901	0.000029	0.000018	0.000612	0.999968	-0.000946	0.002974	-0.002353	0.999944	0.000387	-0.002296	0.000909
0.999952	-0.000055	0.000001	0.000613	0.999904	-0.000011	0.000061	0.000492	0.999899	0.000090	0.000018	0.000616	0.999968	-0.000946	0.002974	-0.002353	0.999944	0.000387	-0.002296	0.000909
0.999952	-0.000055	0.000001	0.000613	0.999898	-0.000010	-0.000000	0.000492	0.999902	0.000090	-0.000043	0.000617	0.999964	-0.000886	0.002970	-0.002357	0.999944	0.000387	-0.002296	0.000909
0.999952	-0.000055	0.000001	0.000613	0.999898	-0.000010	-0.000000	0.000492	0.999902	0.000090	-0.000043	0.000617	0.999960	-0.000882	0.002974	-0.002297	0.999946	0.000326	-0.002358	0.000910
0.999952	-0.000052	0.000062	0.000613	0.999898	-0.000010	-0.000000	0.000492	0.999902	0.000090	-0.000043	0.000617	0.999964	-0.000942	0.002978	-0.002293	0.999946	0.000326	-0.002296	0.000908
0.999952	-0.000052	0.000062	0.000613	0.999898	-0.000010	-0.000000	0.000492	0.999900	0.000151	-0.000043	0.000621	0.999960	-0.000882	0.002974	-0.002297	0.999946	0.000325	-0.002295	0.000969
0.999952	-0.000052	0.000062	0.000613	0.999898	-0.000010	-0.000000	0.000492	0.999902	0.000090	-0.000043	0.000617	0.999960	-0.000882	0.002974	-0.002297	0.999946	0.000325	-0.002295	0.000969
0.999952	-0.000052	0.000062	0.000613	0.999898	-0.000010	-0.000000	0.000492	0.999902	0.000090	-0.000043	0.000617	0.999964	-0.000886	0.002970	-0.002357	0.999945	0.000386	-0.002294	0.000970
0.999952	-0.000113	0.000064	0.000613	0.999898	-0.000010	-0.000000	0.000492	0.999902	0.000090	-0.000043	0.000617	0.999972	-0.000942	0.003034	-0.002358	0.999946	0.000325	-0.002295	0.000969
0.999952	-0.000052	0.000062	0.000613	0.999898	-0.000071	-0.000001	0.000498	0.999902	0.000090	-0.000043	0.000617	0.999980	-0.000999	0.003099	-0.002358	0.999937	0.000434	-0.004600	-0.001177
0.999952	-0.000055	0.000001	0.000613	0.999898	-0.000071	-0.000001	0.000498	0.999902	0.000090	-0.000043	0.000617	0.999984	-0.000995	0.003160	-0.002362	0.999942	0.000491	-0.004588	-0.000689
0.999952	-0.000055	0.000001	0.000613	0.999898	-0.000071	-0.000001	0.000498	0.999900	0.000151	-0.000043	0.000621	0.999984	-0.000995	0.003160	-0.002362	0.999941	0.000547	-0.004340	-0.000510
0.999952	-0.000055	0.000001	0.000613	0.999898	-0.000071	-0.000001	0.000498	0.999905	0.000089	-0.000104	0.000619	0.999927	-0.000995	0.003224	-0.002370	0.999942	0.000485	-0.004279	-0.000512
0.999952	-0.000055	0.000001	0.000613	0.999898	-0.000071	-0.000001	0.000498	0.999905	0.000089	-0.000104	0.000619	0.999927	-0.000995	0.003224	-0.002370	0.999940	0.000546	-0.004279	-0.000512
0.999952	-0.000055	0.000001	0.000613	0.999898	-0.000071	-0.000001	0.000498	0.999903	0.000150	-0.000104	0.000622	0.999927	-0.000995	0.003224	-0.002370	0.999940	0.000546	-0.004279	-0.000512
0.999952	-0.000055	0.000001	0.000613	0.999898	-0.000071	-0.000001	0.000498	0.999905	0.000089	-0.000104	0.000619	0.999923	-0.000991	0.003228	-0.002309	0.999941	0.000546	-0.004338	-0.000449
0.999951	-0.000057	-0.000060	0.000613	0.999898	-0.000071	-0.000001	0.000498	0.999905	0.000089	-0.000104	0.000619	0.999923	-0.000991	0.003228	-0.002309	0.999941	0.000546	-0.004338	-0.000449
0.999951	-0.000057	-0.000060	0.000613	0.999898	-0.000071	-0.000001	0.000498	0.999905	0.000089	-0.000104	0.000619	0.999923	-0.000991	0.003228	-0.002309	0.999941	0.000546	-0.004338	-0.000449
0.999951	-0.000057	-0.000060	0.000613	0.999898	-0.000071	-0.000001	0.000498	0.999905	0.000089	-0.000104	0.000619	0.999923	-0.000991	0.003228	-0.002309	0.999941	0.000546	-0.004338	-0.000449
0.999951	-0.000057	-0.000060	0.000613	0.999898	-0.000071	-0.000001	0.000498	0.999905	0.000089	-0.000104	0.000619	0.999928	-0.001052	0.003232	-0.002305	0.999938	0.000534	-0.003538	-0.000162
0.999952	-0.000055	0.000001	0.000613	0.999898	-0.000071	-0.000001	0.000498	0.999902	0.000090	-0.000043	0.000617	0.999948	-0.001298	0.003244	-0.002350	0.999979	0.000687	-0.004497	-0.002216
0.999952	-0.000055	0.000001	0.000613	0.999898	-0.000071	-0.000001	0.000498	0.999902	0.000090	-0.000043	0.000617	0.999959	-0.001452	0.003918	-0.000726	0.999916	0.001400	-0.007316	-0.003063
0.999952	-0.000055	0.000001	0.000613	0.999904	-0.000133	0.000059	0.000504	0.999904	0.000029	-0.000043	0.000614	0.999956	-0.000994	0.002938	0.000662	0.999893	0.000870	-0.012608	-0.004661
0.999952	-0.000055	0.000001	0.000613	0.999904	-0.000133	0.000059	0.000504	0.999901	0.000029	0.000018	0.000612	0.999973	-0.001181	0.003408	0.001074	0.999510	0.007904	-0.028586	-0.004917
0.999952	-0.000116	0.000003	0.000613	0.999904	-0.000133	0.000059	0.000504	0.999904	0.000029	-0.000043	0.000614	0.999934	-0.001620	0.005162	0.001103	0.997228	0.046389	-0.054993	-0.016489
0.999952	-0.000055	0.000001	0.000613	0.999904	-0.000133	0.000059	0.000504	0.999902	0.000087	-0.000041	0.000678	0.999969	-0.003083	0.005200	0.001200	0.986889	0.115246	-0.098217	-0.054739
0.999952	-0.000116	0.000003	0.000613	0.999904	-0.000133	0.000059	0.000504	0.999902	0.000087	-0.000041	0.000678	0.999928	-0.003067	0.005507	0.001175	0.974774	0.160457	-0.128425	-0.086499
0.999952	-0.000055	0.000001	0.000613	0.999904	-0.000133	0.000059	0.000504	0.999902	0.000087	-0.000041	0.000678	0.999971	-0.002326	0.004365	0.001391	0.980177	0.137487	-0.116475	-0.081779
0.999952	-0.000116	0.000003	0.000613	0.999904	-0.000133	0.000059	0.000504	0.999902	0.000087	-0.000041	0.000678	0.999971	-0.000742	0.005525	0.002804	0.989653	0.099653	-0.080751	-0.063413
0.999952	-0.000116	0.000003	0.000613	0.999904	-0.000133	0.000059	0.000504	0.999903	0.000026	-0.000041	0.000675	0.999931	-0.000391	0.002958	0.004183	0.996394	0.068271	-0.011890	-0.048489
0.999952	-0.000113	0.000064	0.000613	0.999904	-0.000133	0.000059	0.000504	0.999902	0.000087	-0.000041	0.000678	0.999967	-0.000080	0.002938	0.004227	0.992572	0.082019	0.066144	-0.060283
0.999952	-0.000116	0.000003	0.000613	0.999904	-0.000133	0.000059	0.000504	0.999898	0.000087	0.000020	0.000676	0.999951	-0.000793	0.004043	0.003522	0.988265	0.082027	0.110370	-0.065958
0.999952	-0.000116	0.000003	0.000613	0.999904	-0.000072	0.000060	0.000498	0.999902	0.000087	-0.000041	0.000678	0.999939	-0.000822	0.004653	0.003420	0.990269	0.075061	0.097963	-0.063331
0.999952	-0.000116	0.000003	0.000613	0.999905	-0.000066	0.000060	0.000559	0.999902	0.000087	-0.000041	0.000678	0.999938	-0.000749	0.004313	0.003008	0.990027	0.054847	0.116856	-0.055920
0.999952	-0.000055	0.000001	0.000613	0.999904	-0.000072	0.000060	0.000498	0.999902	0.000087	-0.000041	0.000678	0.999950	-0.000577	0.005327	0.002744	0.988506	0.052803	0.130154	-0.054683
0.999952	-0.000055	0.000001	0.000613	0.999905	-0.000066	0.000060	0.000559	0.999902	0.000087	-0.000041	0.000678	0.999950	-0.000723	0.006006	0.002645	0.988090	0.062914	0.128152	-0.056987
0.999954	-0.000055	0.000001	0.000552	0.999905	-0.000066	0.000060	0.000559	0.999902	0.000087	-0.000041	0.000678	0.999910	-0.000836	0.006200	0.002637	0.992270	0.081413	0.064955	-0.066731
0.999952	-0.000055	0.000001	0.000613	0.999905	-0.000066	0.000060	0.000559	0.999902	0.000087	-0.000041	0.000678	0.999955	-0.000873	0.006681	0.002487	0.991106	0.103740	0.007914	-0.082613
0.999952	-0.000055	0.000001	0.000613	0.999905	-0.000066	0.000060	0.000559	0.999905	0.000086	-0.000102	0.000680	0.999952	-0.002026	0.006650	0.001828	0.988990	0.112621	-0.019044	-0.093947
0.999952	-0.000055	0.000001	0.000613	0.999905	-0.000066	0.000060	0.000559	0.999902	0.000087	-0.000041	0.000678	0.999940	-0.002442	0.006920	0.001775	0.987907	0.115335	-0.023317	-0.100654
0.999952	0.000009	0.000060	0.000612	0.999905	-0.000066	0.000060	0.000559	0.999903	0.000026	-0.000041	0.000675	0.999972	-0.001861	0.004422	-0.000917	0.988157	0.113711	0.005384	-0.102398
0.999952	0.000006	-0.000001	0.000612	0.999899	-0.000065	-0.000001	0.000559	0.999902	0.000087	-0.000041	0.000678	0.999915	-0.002615	0.005381	-0.002042	0.989217	0.097300	0.057477	-0.092765
0.999952	0.000006	-0.000001	0.000612	0.999905	-0.000066	0.000060	0.000559	0.999902	0.000087	-0.000041	0.000678	0.999921	-0.001273	0.005116	-0.001929	0.981738	0.090053	0.136993	-0.095816
0.999952	0.000009	0.000060	0.000612	0.999905	-0.000126	0.000059	0.000565	0.999902	0.000087	-0.000041	0.000678	0.999973	-0.000782	0.003868	-0.001688	0.973090	0.092510	0.181762	-0.107043
0.999952	0.000006	-0.000001	0.000612	0.999905	-0.000126	0.000059	0.000565	0.999902	0.000087	-0.000041	0.000678	0.999964	-0.000467	0.004030	-0.001721	0.959167	0.094076	0.239249	-0.117635
0.999952	0.000006	-0.000001	0.000612	0.999905	-0.000066	0.000060	0.000559	0.999900	0.000147	-0.000042	0.000682	0.999923	-0.000938	0.005523	-0.002839	0.937412	0.099325	0.312464	-0.117082
0.999952	0.000006	-0.000001	0.000612	0.999905	-0.000066	0.000060	0.000559	0.999902	0.000087	-0.000041	0.000678	0.999940	-0.000907	0.006817	-0.002744	0.909733	0.099401	0.389385	-0.103699
0.999952	0.000006	-0.000001	0.000612	0.999905	-0.000066	0.000060	0.000559	0.999902	0.000087	-0.000041	0.000678	0.999932	-0.001515	0.005079	-0.000004	0.885777	0.097984	0.444801	-0.088684
0.999952	0.000006	-0.000001	0.000612	0.999905	-0.000066	0.000060	0.000559	0.999902	0.000087	-0.000041	0.000678	0.999961	-0.001485	0.004122	0.000430	0.870959	0.086552	0.477874	-0.074239
0.999952	0.000006	-0.000001	0.000612	0.999905	-0.000066	0.000060	0.000559	0.999902	0.000087	-0.000041	0.000678	0.999957	-0.003394	0.005389	0.000961	0.853183	0.075056	0.513020	-0.055895
0.999952	0.000006	-0.000001	0.000612	0.999905	-0.000066	0.000060	0.000559	0.999902	0.000087	-0.000041	0.000678	0.999916	-0.002813	0.005617	0.001212	0.831827	0.057067	0.550552	-0.040485
0.999950	-0.000054	0.000001	0.000674	0.999905	-0.000066	0.000060	0.000559	0.999902	0.000087	-0.000041	0.000678	0.999911	-0.002356	0.006018	0.001215	0.804834	0.051479	0.590685	-0.022753
0.999950	-0.000054	0.000001	0.000674	0.999905	-0.000066	0.000060	0.000559	0.999902	0.000087	-0.000041	0.000678	0.999959	-0.002106	0.006058	0.001199	0.783953	0.050194	0.618599	-0.010289
0.999950	-0.000054	0.000001	0.000674	0.999905	-0.000066	0.000060	0.000559	0.999901	0.000083	-0.000039	0.000739	0.999963	-0.001835	0.006410	0.001218	0.764235	0.047792	0.643122	-0.001988
0.999949	-0.000056	-0.000060	0.000674	0.999899	-0.000004	-0.000000	0.000553	0.999901	0.000083	-0.000039	0.000739	0.999926	-0.001953	0.006600	0.001149	0.741869	0.045368	0.668899	0.000580
0.999949	-0.000056	-0.000060	0.000674	0.999899	-0.000004	-0.000000	0.000553	0.999901	0.000083	-0.000039	0.000739	0.999935	-0.001945	0.006721	0.001141	0.713361	0.040901	0.699520	0.004872
0.999950	-0.000054	0.000001	0.000674	0.999905	-0.000005	0.000061	0.000552	0.999901	0.000083	-0.000039	0.000739	0.999955	-0.002054	0.006911	0.001136	0.687986	0.029138	0.724988	0.013874
0.999950	-0.000054	0.000001	0.000674	0.999905	-0.000005	0.000061	0.000552	0.999901	0.000083	-0.000039	0.000739	0.999915	-0.002240	0.006984	0.001080	0.667751	0.029102	0.743361	0.024596
0.999950	-0.000054	0.000001	0.000674	0.999905	-0.000005	0.000061	0.000552	0.999901	0.000083	-0.000039	0.000739	0.999952	-0.002665	0.007068	0.001043	0.656440	0.027501	0.753600	0.018029
0.999950	-0.000054	0.000001	0.000674	0.999905	0.000056	0.000062	0.000546	0.999901	0.000083	-0.000039	0.000739	0.999941	-0.003219	0.007160	0.000950	0.653478	0.031105	0.756092	0.013831
0.999950	-0.000054	0.000001	0.000674	0.999905	0.000056	0.000062	0.000546	0.999903	0.000022	-0.000039	0.000736	0.999957	-0.003461	0.007176	0.000966	0.650242	0.032349	0.758871	0.013089
0.999950	-0.000054	0.000001	0.000674	0.999911	0.000055	0.000122	0.000546	0.999903	0.000022	-0.000039	0.000736	0.999901	-0.003462	0.007241	0.000958	0.647914	0.033231	0.760743	0.015344
0.999950	-0.000054	0.000001	0.000674	0.999911	-0.000006	0.000121	0.000552	0.999903	0.000022	-0.000039	0.000736	0.999909	-0.003518	0.007305	0.000958	0.652954	0.034843	0.756279	0.017651
0.999949	-0.000056	-0.000060	0.000674	0.999911	-0.000006	0.000121	0.000552	0.999903	0.000022	-0.000039	0.000736	0.999909	-0.003454	0.007362	0.000950	0.651077	0.032775	0.758043	0.016519
0.999949	-0.000056	-0.000060	0.000674	0.999911	-0.000006	0.000121	0.000552	0.999906	0.000022	-0.000100	0.000738	0.999913	-0.003450	0.007422	0.000946	0.650776	0.031435	0.758413	0.014794
0.999949	-0.000056	-0.000060	0.000674	0.999911	0.000055	0.000122	0.000546	0.999906	0.000022	-0.000100	0.000738	0.999909	-0.003389	0.007418	0.000942	0.653903	0.031784	0.755693	0.014573
0.999949	0.000005	-0.000062	0.000673	0.999911	-0.000006	0.000121	0.000552	0.999906	0.000022	-0.000100	0.000738	0.999909	-0.003389	0.007418	0.000942	0.654092	0.030282	0.755627	0.012360
0.999950	0.000007	-0.000001	0.000673	0.999905	0.000056	0.000062	0.000546	0.999906	0.000022	-0.000100	0.000738	0.999909	-0.003389	0.007418	0.000942	0.654661	0.029327	0.755185	0.011988
0.999950	0.000007	-0.000001	0.000673	0.999905	0.000056	0.000062	0.000546	0.999903	0.000022	-0.000039	0.000736	0.999913	-0.003385	0.007479	0.000938	0.655862	0.028019	0.754208	0.012288
0.999950	0.000007	-0.000001	0.000673	0.999905	-0.000005	0.000061	0.000552	0.999903	0.000022	-0.000039	0.000736	0.999913	-0.003385	0.007479	0.000938	0.656956	0.026277	0.753297	0.013073
0.999950	0.000007	-0.000001	0.000673	0.999905	0.000056	0.000062	0.000546	0.999903	0.000022	-0.000039	0.000736	0.999904	-0.003328	0.007415	0.000938	0.660747	0.026376	0.749919	0.016152
0.999950	0.000007	-0.000001	0.000673	0.999905	0.000056	0.000062	0.000546	0.999903	0.000022	-0.000039	0.000736	0.999904	-0.003336	0.007350	0.000881	0.665138	0.025541	0.746045	0.016418
0.999950	0.000007	-0.000001	0.000673	0.999905	0.000056	0.000062	0.000546	0.999903	0.000022	-0.000039	0.000736	0.999909	-0.003397	0.007354	0.000885	0.665836	0.025490	0.745414	0.018010
0.999950	0.000007	-0.000001	0.000673	0.999905	0.000056	0.000062	0.000546	0.999903	0.000022	-0.000039	0.000736	0.999909	-0.003397	0.007354	0.000885	0.666662	0.025320	0.744602	0.019726
0.999950	0.000007	-0.000001	0.000673	0.999906	0.000062	0.000062	0.000607	0.999901	0.000083	-0.000039	0.000739	0.999909	-0.003397	0.007354	0.000885	0.668704	0.025440	0.742751	0.020779
0.999950	0.000007	-0.000001	0.000673	0.999912	0.000061	0.000122	0.000607	0.999903	0.000022	-0.000039	0.000736	0.999905	-0.003393	0.007358	0.000946	0.669004	0.025696	0.742447	0.020540
0.999949	0.000005	-0.000062	0.000673	0.999912	0.000061	0.000122	0.000607	0.999900	0.000023	0.000022	0.000734	0.999944	-0.003086	0.007334	0.000930	0.668778	0.026619	0.742665	0.018898
0.999950	0.000007	-0.000001	0.000673	0.999906	0.000062	0.000062	0.000607	0.999900	0.000023	0.000022	0.000734	0.999909	-0.003389	0.007418	0.000942	0.668974	0.026717	0.742588	0.015235
0.999950	-0.000054	0.000001	0.000674	0.999906	0.000062	0.000062	0.000607	0.999900	0.000023	0.000022	0.000734	0.999913	-0.003450	0.007422	0.000946	0.669527	0.026836	0.742187	0.010597
0.999950	0.000007	-0.000001	0.000673	0.999906	0.000062	0.000062	0.000607	0.999900	0.000023	0.000022	0.000734	0.999921	-0.003571	0.007430	0.000954	0.669944	0.025235	0.741842	0.006739
0.999950	0.000007	-0.000001	0.000673	0.999906	0.000062	0.000062	0.000607	0.999900	0.000023	0.000022	0.000734	0.999905	-0.003385	0.007423	0.001002	0.672330	0.024480	0.739726	0.004367
0.999950	0.000007	-0.000001	0.000673	0.999906	0.000062	0.000062	0.000607	0.999900	0.000023	0.000022	0.000734	0.999905	-0.003385	0.007423	0.001002	0.673411	0.024955	0.738737	0.003097
0.999949	0.000005	-0.000062	0.000673	0.999906	0.000062	0.000062	0.000607	0.999900	0.000023	0.000022	0.000734	0.999913	-0.003563	0.007439	0.001075	0.671977	0.023897	0.740105	-0.000160
0.999949	0.000005	-0.000062	0.000673	0.999906	0.000123	0.000063	0.000601	0.999902	-0.000038	0.000022	0.000731	0.999905	-0.003442	0.007431	0.001067	0.671033	0.023880	0.740976	-0.001816
0.999949	0.000005	-0.000062	0.000673	0.999906	0.000123	0.000063	0.000601	0.999900	0.000023	0.000022	0.000734	0.999909	-0.003438	0.007491	0.001063	0.669750	0.022627	0.742201	-0.003181
0.999949	0.000005	-0.000062	0.000673	0.999906	0.000123	0.000063	0.000601	0.999900	0.000023	0.000022	0.000734	0.999946	-0.003919	0.007584	0.001091	0.669633	0.022018	0.742303	-0.003736
0.999949	-0.000056	-0.000060	0.000674	0.999906	0.000123	0.000063	0.000601	0.999902	-0.000038	0.000022	0.000731	0.999927	-0.004384	0.007870	0.001224	0.669557	0.022146	0.742343	-0.004712
0.999949	0.000005	-0.000062	0.000673	0.999906	0.000123	0.000063	0.000601	0.999902	-0.000038	0.000022	0.000731	0.999916	-0.004704	0.008456	0.001389	0.667180	0.022816	0.744489	-0.006555
0.999949	0.000005	-0.000062	0.000673	0.999906	0.000062	0.000062	0.000607	0.999900	0.000023	0.000022	0.000734	0.999933	-0.004681	0.009225	0.001889	0.665087	0.023755	0.746240	-0.009916
0.999949	0.000005	-0.000062	0.000673	0.999906	0.000062	0.000062	0.000607	0.999900	0.000023	0.000022	0.000734	0.999916	-0.004414	0.009404	0.002042	0.660683	0.022132	0.750090	-0.015454
0.999949	0.000005	-0.000062	0.000673	0.999900	0.000063	0.000001	0.000607	0.999900	0.000023	0.000022	0.000734	0.999900	-0.004220	0.009461	0.002147	0.654996	0.021185	0.755013	-0.019223
0.999949	0.000005	-0.000062	0.000673	0.999900	0.000063	0.000001	0.000607	0.999900	0.000023	0.000022	0.000734	0.999915	-0.003606	0.009421	0.002171	0.650277	0.021019	0.759147	-0.018034
0.999949	0.000066	-0.000064	0.000672	0.999900	0.000130	0.000002	0.000661	0.999900	0.000023	0.000022	0.000734	0.999894	-0.003303	0.009401	0.002151	0.648321	0.026673	0.760458	-0.022018
0.999949	0.000005	-0.000062	0.000673	0.999907	0.000129	0.000063	0.000661	0.999900	0.000023	0.000022	0.000734	0.999890	-0.003307	0.009341	0.002155	0.649355	0.027435	0.759631	-0.021579
0.999949	0.000005	-0.000062	0.000673	0.999900	0.000130	0.000002	0.000661	0.999900	0.000023	0.000022	0.000734	0.999894	-0.003367	0.009345	0.002159	0.652660	0.026908	0.756842	-0.018939
0.999949	0.000066	-0.000064	0.000672	0.999900	0.000130	0.000002	0.000661	0.999900	0.000023	0.000022	0.000734	0.999890	-0.003371	0.009284	0.002163	0.658999	0.024723	0.751463	-0.017699
0.999950	0.000007	-0.000001	0.000673	0.999907	0.000129	0.000063	0.000661	0.999900	0.000023	0.000022	0.000734	0.999890	-0.003371	0.009284	0.002163	0.659512	0.022096	0.751111	-0.015706
0.999950	0.000007	-0.000001	0.000673	0.999906	0.000123	0.000063	0.000601	0.999900	0.000023	0.000022	0.000734	0.999899	-0.003492	0.009292	0.002171	0.661692	0.021787	0.749206	-0.014169
0.999949	0.000005	-0.000062	0.000673	0.999900	0.000063	0.000001	0.000607	0.999900	0.000023	0.000022	0.000734	0.999886	-0.003310	0.009280	0.002159	0.665975	0.021642	0.745411	-0.016278
0.999949	0.000005	-0.000062	0.000673	0.999906	0.000062	0.000062	0.000607	0.999900	0.000023	0.000022	0.000734	0.999925	-0.002267	0.009152	0.002224	0.662628	0.019807	0.748298	-0.021444
0.999949	0.000005	-0.000062	0.000673	0.999906	0.000062	0.000062	0.000607	0.999900	0.000023	0.000022	0.000734	0.999900	-0.002025	0.009080	0.002273	0.659681	0.018429	0.750731	-0.028249
0.999950	0.000007	-0.000001	0.000673	0.999906	0.000062	0.000062	0.000607	0.999900	0.000023	0.000022	0.000734	0.999907	-0.001418	0.008919	0.002305	0.662403	0.018552	0.748175	-0.031829
0.999950	0.000068	-0.000003	0.000672	0.999906	0.000062	0.000062	0.000607	0.999900	0.000023	0.000022	0.000734	0.999914	-0.000812	0.008758	0.002338	0.666108	0.019430	0.744747	-0.034235
0.999950	0.000068	-0.000003	0.000672	0.999913	0.000067	0.000123	0.000667	0.999900	0.000023	0.000022	0.000734	0.999949	0.002455	0.007986	0.002298	0.669011	0.020044	0.741965	-0.037319
0.999950	0.000068	-0.000003	0.000672	0.999912	0.000061	0.000122	0.000607	0.999900	0.000023	0.000022	0.000734	0.999919	0.003478	0.007677	0.002310	0.667939	0.019728	0.742810	-0.039953
0.999950	0.000070	0.000058	0.000672	0.999912	0.000061	0.000122	0.000607	0.999900	0.000023	0.000022	0.000734	0.999917	0.004595	0.006926	0.002287	0.670676	0.020144	0.740172	-0.041880
0.999950	0.000068	-0.000003	0.000672	0.999912	0.000122	0.000123	0.000601	0.999900	0.000023	0.000022	0.000734	0.999908	0.004774	0.005989	0.002216	0.673415	0.020495	0.737658	-0.043688
0.999950	0.000070	0.000058	0.000672	0.999912	0.000122	0.000123	0.000601	0.999900	0.000023	0.000022	0.000734	0.999925	0.004459	0.005883	0.002184	0.671658	0.020825	0.739064	-0.045892
0.999950	0.000070	0.000058	0.000672	0.999912	0.000122	0.000123	0.000601	0.999900	0.000023	0.000022	0.000734	0.999955	0.003307	0.006079	0.002188	0.671699	0.020903	0.738908	-0.047476
0.999950	0.000070	0.000058	0.000672	0.999918	0.000121	0.000184	0.000600	0.999902	-0.000038	0.000022	0.000731	0.999961	0.001992	0.006656	0.002175	0.671629	0.020786	0.738949	-0.048331
0.999950	0.000070	0.000058	0.000672	0.999912	0.000122	0.000123	0.000601	0.999902	-0.000038	0.000022	0.000731	0.999940	0.000181	0.007203	0.002134	0.669904	0.020071	0.740418	-0.049813
0.999950	0.000070	0.000058	0.000672	0.999912	0.000122	0.000123	0.000601	0.999902	-0.000038	0.000022	0.000731	0.999904	-0.000066	0.007279	0.002081	0.670797	0.019355	0.739714	-0.048472
0.999950	0.000070	0.000058	0.000672	0.999912	0.000122	0.000123	0.000601	0.999902	-0.000038	0.000022	0.000731	0.999913	-0.000187	0.007287	0.002089	0.674584	0.020822	0.736292	-0.048188
0.999950	0.000070	0.000058	0.000672	0.999912	0.000122	0.000123	0.000601	0.999901	-0.000041	0.000024	0.000792	0.999925	-0.000305	0.007356	0.002093	0.671353	0.021102	0.739030	-0.050281
0.999950	0.000070	0.000058	0.000672	0.999912	0.000061	0.000122	0.000607	0.999902	-0.000038	0.000022	0.000731	0.999913	-0.000115	0.007409	0.002138	0.667987	0.021084	0.741854	-0.053780
0.999950	0.000070	0.000058	0.000672	0.999912	0.000061	0.000122	0.000607	0.999902	-0.000038	0.000022	0.000731	0.999908	-0.000054	0.007405	0.002134	0.664463	0.020323	0.744806	-0.056554
0.999951	0.000072	0.000119	0.000673	0.999912	0.000061	0.000122	0.000607	0.999902	-0.000038	0.000022	0.000731	0.999908	-0.000054	0.007405	0.002134	0.665349	0.019431	0.744080	-0.056069
0.999951	0.000072	0.000119	0.000673	0.999912	0.000061	0.000122	0.000607	0.999900	0.000020	0.000024	0.000795	0.999952	0.000193	0.007385	0.002121	0.669081	0.019281	0.741002	-0.053059
0.999951	0.000072	0.000119	0.000673	0.999912	0.000061	0.000122	0.000607	0.999900	0.000020	0.000024	0.000795	0.999921	-0.000236	0.007417	0.002146	0.673539	0.018926	0.737041	-0.051505
0.999951	0.000072	0.000119	0.000673	0.999912	0.000000	0.000121	0.000613	0.999900	0.000023	0.000022	0.000734	0.999918	-0.000960	0.007590	0.002182	0.675548	0.017761	0.735297	-0.050404
0.999950	0.000070	0.000058	0.000672	0.999912	0.000061	0.000122	0.000607	0.999901	-0.000041	0.000024	0.000792	0.999939	-0.001061	0.007844	0.002234	0.677212	0.015785	0.733920	-0.048702
0.999950	0.000070	0.000058	0.000672	0.999912	0.000000	0.000121	0.000613	0.999902	-0.000038	0.000022	0.000731	0.999955	-0.001239	0.007917	0.002242	0.679126	0.015784	0.732175	-0.048261
0.999950	0.000070	0.000058	0.000672	0.999912	0.000000	0.000121	0.000613	0.999901	-0.000041	0.000024	0.000792	0.999915	-0.001417	0.008054	0.002242	0.675454	0.015166	0.735631	-0.047563
0.999950	0.000070	0.000058	0.000672	0.999912	0.000000	0.000121	0.000613	0.999902	-0.000038	0.000022	0.000731	0.999940	-0.001587	0.008248	0.002242	0.673023	0.013861	0.737918	-0.047349
0.999950	0.000070	0.000058	0.000672	0.999912	0.000000	0.000121	0.000613	0.999902	-0.000038	0.000022	0.000731	0.999904	-0.001761	0.008446	0.002237	0.673618	0.013776	0.737271	-0.049175
0.999951	0.000072	0.000119	0.000673	0.999912	0.000061	0.000122	0.000607	0.999902	-0.000038	0.000022	0.000731	0.999896	-0.001697	0.008446	0.002294	0.669082	0.012053	0.741265	-0.050808
0.999950	0.000070	0.000058	0.000672	0.999912	0.000061	0.000122	0.000607	0.999902	-0.000038	0.000022	0.000731	0.999904	-0.001753	0.008510	0.002294	0.666881	0.011129	0.743239	-0.051259
0.999950	0.000070	0.000058	0.000672	0.999912	0.000061	0.000122	0.000607	0.999905	-0.000038	-0.000038	0.000733	0.999908	-0.001749	0.008571	0.002290	0.665543	0.010052	0.744421	-0.051888
0.999950	0.000070	0.000058	0.000672	0.999911	0.000055	0.000122	0.000546	0.999903	-0.000102	0.000025	0.000789	0.999908	-0.001749	0.008571	0.002290	0.663356	0.008940	0.746348	-0.051607
0.999948	0.000071	0.000057	0.000733	0.999911	0.000055	0.000122	0.000546	0.999905	-0.000038	-0.000038	0.000733	0.999912	-0.001745	0.008632	0.002285	0.663303	0.008630	0.746469	-0.051428
0.999948	0.000071	0.000057	0.000733	0.999911	0.000055	0.000122	0.000546	0.999905	-0.000038	-0.000038	0.000733	0.999920	-0.001802	0.008696	0.002285	0.662410	0.007257	0.747298	-0.051447
0.999948	0.000071	0.000057	0.000733	0.999911	0.000055	0.000122	0.000546	0.999901	-0.000041	0.000024	0.000792	0.999920	-0.001737	0.008753	0.002277	0.660845	0.006098	0.748754	-0.050614
0.999948	0.000071	0.000057	0.000733	0.999911	0.000055	0.000122	0.000546	0.999901	-0.000041	0.000024	0.000792	0.999903	-0.001551	0.008745	0.002326	0.660447	0.005221	0.749128	-0.049587
0.999948	0.000071	0.000057	0.000733	0.999912	0.000061	0.000122	0.000607	0.999901	-0.000041	0.000024	0.000792	0.999899	-0.001426	0.008798	0.002313	0.661253	0.005422	0.748486	-0.048666
0.999950	0.000070	0.000058	0.000672	0.999912	0.000061	0.000122	0.000607	0.999901	-0.000041	0.000024	0.000792	0.999947	-0.001305	0.008725	0.002313	0.660528	0.005447	0.749238	-0.047513
0.999949	0.000073	0.000118	0.000734	0.999912	0.000061	0.000122	0.000607	0.999901	-0.000041	0.000024	0.000792	0.999931	-0.001062	0.008709	0.002297	0.661211	0.005405	0.748642	-0.047081
0.999950	0.000070	0.000058	0.000672	0.999912	0.000061	0.000122	0.000607	0.999901	-0.000041	0.000024	0.000792	0.999927	-0.001002	0.008705	0.002293	0.661834	0.005600	0.748121	-0.046160
0.999948	0.000010	0.000060	0.000734	0.999912	0.000061	0.000122	0.000607	0.999901	-0.000041	0.000024	0.000792	0.999923	-0.001006	0.008645	0.002297	0.663427	0.006258	0.746752	-0.045534
0.999949	0.000012	0.000121	0.000734	0.999912	0.000061	0.000122	0.000607	0.999900	0.000020	0.000024	0.000795	0.999939	-0.001183	0.008717	0.002305	0.663736	0.006267	0.746453	-0.045409
0.999949	0.000073	0.000118	0.000734	0.999912	0.000061	0.000122	0.000607	0.999900	0.000020	0.000024	0.000795	0.999943	-0.001244	0.008721	0.002309	0.664142	0.006718	0.746070	-0.046562
0.999949	0.000073	0.000118	0.000734	0.999912	0.000061	0.000122	0.000607	0.999900	0.000020	0.000024	0.000795	0.999951	-0.001309	0.008721	0.002253	0.661680	0.006760	0.748185	-0.046638
0.999949	0.000073	0.000118	0.000734	0.999912	0.000061	0.000122	0.000607	0.999900	0.000020	0.000024	0.000795	0.999924	-0.001733	0.008813	0.002273	0.660450	0.006959	0.749347	-0.046158
0.999949	0.000012	0.000121	0.000734	0.999912	0.000061	0.000122	0.000607	0.999901	-0.000041	0.000024	0.000792	0.999949	-0.001976	0.008886	0.002224	0.661861	0.007548	0.748162	-0.045412
0.999948	0.000010	0.000060	0.000734	0.999912	0.000061	0.000122	0.000607	0.999901	-0.000041	0.000024	0.000792	0.999905	-0.002223	0.008906	0.002237	0.661626	0.007232	0.748346	-0.045110
0.999948	0.000010	0.000060	0.000734	0.999906	0.000062	0.000062	0.000607	0.999901	-0.000041	0.000024	0.000792	0.999909	-0.002283	0.008910	0.002241	0.661811	0.007237	0.748226	-0.045049
0.999948	0.000010	0.000060	0.000734	0.999906	0.000062	0.000062	0.000607	0.999901	-0.000041	0.000024	0.000792	0.999929	-0.002522	0.008986	0.002253	0.660902	0.006656	0.749068	-0.044939
0.999948	0.000010	0.000060	0.000734	0.999906	0.000062	0.000062	0.000607	0.999900	0.000020	0.000024	0.000795	0.999934	-0.002582	0.008990	0.002257	0.661380	0.006863	0.748569	-0.045726
0.999948	0.000010	0.000060	0.000734	0.999906	0.000062	0.000062	0.000607	0.999900	0.000020	0.000024	0.000795	0.999925	-0.002526	0.008926	0.002257	0.660829	0.006483	0.749037	-0.046221
0.999948	-0.000051	0.000062	0.000735	0.999906	0.000062	0.000062	0.000607	0.999900	0.000020	0.000024	0.000795	0.999925	-0.002526	0.008926	0.002257	0.660511	0.006421	0.749257	-0.047199
0.999948	0.000010	0.000060	0.000734	0.999906	0.000123	0.000063	0.000601	0.999903	0.000019	-0.000037	0.000797	0.999925	-0.002526	0.008926	0.002257	0.659391	0.006574	0.750211	-0.047876
0.999948	-0.000051	0.000062	0.000735	0.999906	0.000062	0.000062	0.000607	0.999903	0.000019	-0.000037	0.000797	0.999929	-0.002586	0.008930	0.002261	0.658658	0.006427	0.750816	-0.047759
0.999948	-0.000051	0.000062	0.000735	0.999906	0.000062	0.000062	0.000607	0.999905	-0.000042	-0.000037	0.000794	0.999929	-0.002586	0.008930	0.002261	0.658232	0.006348	0.751245	-0.047459
0.999948	-0.000051	0.000062	0.000735	0.999906	0.000062	0.000062	0.000607	0.999905	-0.000042	-0.000037	0.000794	0.999929	-0.002586	0.008930	0.002261	0.657928	0.006515	0.751563	-0.046850
0.999948	-0.000051	0.000062	0.000735	0.999906	0.000062	0.000062	0.000607	0.999905	-0.000042	-0.000037	0.000794	0.999934	-0.002647	0.008934	0.002265	0.658053	0.006699	0.751454	-0.046420
0.999948	0.000010	0.000060	0.000734	0.999906	0.000062	0.000062	0.000607	0.999905	-0.000042	-0.000037	0.000794	0.999938	-0.002708	0.008937	0.002269	0.658664	0.006661	0.750901	-0.046782
0.999948	-0.000051	0.000062	0.000735	0.999906	0.000062	0.000062	0.000607	0.999905	-0.000042	-0.000037	0.000794	0.999938	-0.002708	0.008937	0.002269	0.657615	0.006390	0.751788	-0.047523
0.999946	-0.000050	0.000062	0.000796	0.999906	0.000062	0.000062	0.000607	0.999904	-0.000045	-0.000035	0.000855	0.999885	-0.002833	0.008949	0.002273	0.657486	0.006571	0.751846	-0.047705
0.999946	-0.000050	0.000062	0.000796	0.999906	0.000062	0.000062	0.000607	0.999905	-0.000042	-0.000037	0.000794	0.999885	-0.002833	0.008949	0.002273	0.656076	0.006101	0.753040	-0.048144
0.999946	0.000011	0.000060	0.000795	0.999906	0.000062	0.000062	0.000607	0.999905	-0.000042	-0.000037	0.000794	0.999890	-0.002829	0.009010	0.002269	0.655765	0.006094	0.753335	-0.048452
0.999946	0.000011	0.000060	0.000795	0.999912	0.000061	0.000122	0.000607	0.999905	-0.000042	-0.000037	0.000794	0.999894	-0.002890	0.009014	0.002273	0.654784	0.005759	0.754170	-0.048766
0.999946	0.000011	0.000060	0.000795	0.999912	0.000061	0.000122	0.000607	0.999903	0.000019	-0.000037	0.000797	0.999894	-0.002890	0.009014	0.002273	0.654845	0.005643	0.754041	-0.049071
0.999946	-0.000050	0.000062	0.000796	0.999912	0.000061	0.000122	0.000607	0.999903	0.000019	-0.000037	0.000797	0.999894	-0.002890	0.009014	0.002273	0.654054	0.005069	0.754754	-0.049326
0.999946	0.000011	0.000060	0.000795	0.999912	0.000061	0.000122	0.000607	0.999903	0.000019	-0.000037	0.000797	0.999894	-0.002890	0.009014	0.002273	0.654367	0.004654	0.754501	-0.049572
0.999946	0.000011	0.000060	0.000795	0.999912	0.000061	0.000122	0.000607	0.999904	-0.000045	-0.000035	0.000855	0.999902	-0.002946	0.009079	0.002273	0.653882	0.003973	0.754840	-0.050251
0.999946	-0.000050	0.000062	0.000796	0.999912	0.000061	0.000122	0.000607	0.999902	0.000016	-0.000035	0.000858	0.999902	-0.002946	0.009079	0.002273	0.653447	0.003662	0.755179	-0.051171
0.999946	0.000011	0.000060	0.000795	0.999912	0.000061	0.000122	0.000607	0.999902	0.000016	-0.000035	0.000858	0.999885	-0.002760	0.009071	0.002321	0.652893	0.003345	0.755584	-0.051786
0.999946	0.000011	0.000060	0.000795	0.999912	0.000061	0.000122	0.000607	0.999902	0.000016	-0.000035	0.000858	0.999901	-0.002211	0.008975	0.002354	0.654002	0.002839	0.754593	-0.052577
0.999946	0.000011	0.000060	0.000795	0.999918	0.000060	0.000183	0.000607	0.999905	0.000016	-0.000096	0.000860	0.999888	-0.002029	0.008963	0.002342	0.653697	0.002888	0.754842	-0.052273
0.999946	0.000011	0.000060	0.000795	0.999918	0.000060	0.000183	0.000607	0.999905	0.000016	-0.000096	0.000860	0.999936	-0.001843	0.008947	0.002333	0.654138	0.002473	0.754538	-0.052153
0.999946	0.000011	0.000060	0.000795	0.999918	0.000060	0.000183	0.000607	0.999902	0.000016	-0.000035	0.000858	0.999932	-0.001782	0.008943	0.002329	0.652736	0.001699	0.755667	-0.052533
0.999945	0.000008	-0.000001	0.000795	0.999919	-0.000001	0.000182	0.000613	0.999900	0.000077	-0.000036	0.000861	0.999932	-0.001782	0.008943	0.002329	0.652674	0.001516	0.755719	-0.052841
0.999946	0.000011	0.000060	0.000795	0.999919	-0.000001	0.000182	0.000613	0.999900	0.000077	-0.000036	0.000861	0.999928	-0.001721	0.008939	0.002325	0.652305	0.001444	0.756017	-0.052965
0.999945	0.000008	-0.000001	0.000795	0.999919	-0.000001	0.000182	0.000613	0.999900	0.000077	-0.000036	0.000861	0.999924	-0.001661	0.008935	0.002321	0.652123	0.001377	0.756199	-0.052906
0.999945	-0.000053	0.000001	0.000796	0.999919	-0.000001	0.000182	0.000613	0.999900	0.000077	-0.000036	0.000861	0.999912	-0.001543	0.008866	0.002317	0.652180	0.001622	0.756143	-0.052843
0.999945	0.000008	-0.000001	0.000795	0.999919	-0.000001	0.000182	0.000613	0.999900	0.000077	-0.000036	0.000861	0.999907	-0.001483	0.008862	0.002313	0.652608	0.001758	0.755782	-0.052839
0.999945	0.000008	-0.000001	0.000795	0.999919	-0.000001	0.000182	0.000613	0.999900	0.000077	-0.000036	0.000861	0.999899	-0.001418	0.008863	0.002370	0.652492	0.001629	0.755910	-0.052475
0.999946	0.000011	0.000060	0.000795	0.999912	0.000000	0.000121	0.000613	0.999900	0.000077	-0.000036	0.000861	0.999907	-0.001483	0.008862	0.002313	0.652870	0.001574	0.755620	-0.051864
0.999945	0.000008	-0.000001	0.000795	0.999919	-0.000001	0.000182	0.000613	0.999904	0.000077	-0.000096	0.000863	0.999912	-0.001543	0.008866	0.002317	0.652070	0.001309	0.756271	-0.052358
0.999945	0.000008	-0.000001	0.000795	0.999912	0.000000	0.000121	0.000613	0.999904	0.000077	-0.000096	0.000863	0.999908	-0.001539	0.008871	0.002378	0.651384	0.001294	0.756798	-0.053094
0.999945	-0.000053	0.000001	0.000796	0.999912	0.000000	0.000121	0.000613	0.999904	0.000077	-0.000096	0.000863	0.999891	-0.001297	0.008855	0.002362	0.651241	0.001724	0.756906	-0.053946
0.999946	-0.000050	0.000062	0.000796	0.999912	0.000061	0.000122	0.000607	0.999900	0.000077	-0.000036	0.000861	0.999948	-0.001297	0.008790	0.002370	0.650061	0.001815	0.757857	-0.054683
0.999944	-0.000050	0.000062	0.000857	0.999912	0.000000	0.000121	0.000613	0.999900	0.000077	-0.000036	0.000861	0.999939	-0.001175	0.008782	0.002362	0.650535	0.002025	0.757350	-0.055837
0.999944	-0.000050	0.000062	0.000857	0.999912	0.000000	0.000121	0.000613	0.999900	0.000077	-0.000036	0.000861	0.999935	-0.001115	0.008778	0.002358	0.649930	0.001517	0.757887	-0.055906
0.999944	-0.000050	0.000062	0.000857	0.999906	0.000001	0.000061	0.000613	0.999900	0.000077	-0.000036	0.000861	0.999931	-0.001054	0.008774	0.002354	0.649997	0.001155	0.757816	-0.056153
0.999944	-0.000050	0.000062	0.000857	0.999912	0.000000	0.000121	0.000613	0.999902	0.000016	-0.000035	0.000858	0.999935	-0.001115	0.008778	0.002358	0.650546	0.001296	0.757332	-0.056270
0.999944	-0.000050	0.000062	0.000857	0.999906	0.000001	0.000061	0.000613	0.999902	0.000016	-0.000035	0.000858	0.999910	-0.000872	0.008706	0.002406	0.650415	0.001419	0.757384	-0.056696
0.999944	-0.000050	0.000062	0.000857	0.999912	0.000000	0.000121	0.000613	0.999902	0.000016	-0.000035	0.000858	0.999934	-0.000387	0.008609	0.002382	0.650580	0.001620	0.757116	-0.057973
0.999944	-0.000050	0.000062	0.000857	0.999912	0.000000	0.000121	0.000613	0.999902	0.000016	-0.000035	0.000858	0.999949	0.000163	0.008513	0.002415	0.649294	0.001033	0.758245	-0.058536
0.999944	0.000013	0.000121	0.000856	0.999912	0.000000	0.000121	0.000613	0.999904	-0.000045	-0.000035	0.000855	0.999924	0.000462	0.008433	0.002398	0.650725	0.000588	0.756980	-0.058042
0.999944	-0.000048	0.000123	0.000857	0.999912	0.000061	0.000122	0.000607	0.999904	-0.000045	-0.000035	0.000855	0.999899	0.000761	0.008352	0.002382	0.651931	0.000237	0.756124	-0.055599
0.999944	-0.000050	0.000062	0.000857	0.999912	0.000061	0.000122	0.000607	0.999904	-0.000048	-0.000033	0.000916	0.999948	0.000891	0.008344	0.002439	0.653278	0.000236	0.755320	-0.051019
0.999944	0.000011	0.000060	0.000856	0.999912	0.000061	0.000122	0.000607	0.999899	0.000013	0.000028	0.000917	0.999923	0.001190	0.008264	0.002423	0.655050	0.000435	0.754091	-0.046617
