Coleta - 2017-06-26 15:51:14.172061
Quaternions das seguintes Joints: 
q_w	q_x	q_y	q_z
RIGHT WRIST	RIGHT ELBOW	UNILAT TORSO	LEFT ELBOW	LEFT WRIST
************************************ DADOS: ************************************
0.999910	-0.000021	-0.000121	-0.001710	0.999935	0.000142	-0.000243	0.000233	0.999973	0.000134	-0.001604	-0.000431	0.999889	-0.000260	0.001516	-0.000225	0.999919	0.001664	0.008246	-0.000179
0.999914	-0.000021	-0.000059	-0.001893	0.999935	0.000142	-0.000243	0.000233	0.999973	0.000134	-0.001604	-0.000431	0.999901	-0.000260	0.001699	-0.000239	0.999938	0.001788	0.008919	-0.000189
0.999916	-0.000025	-0.000120	-0.002076	0.999935	0.000142	-0.000243	0.000233	0.999925	0.000137	-0.001854	-0.000545	0.999905	-0.000264	0.001754	-0.000304	0.999899	0.001849	0.009589	-0.000203
0.999919	-0.000026	-0.000120	-0.002198	0.999935	0.000147	-0.000243	0.000294	0.999934	0.000139	-0.002039	-0.000600	0.999918	-0.000324	0.001876	-0.000310	0.999920	0.002037	0.010200	-0.000269
0.999922	-0.000028	-0.000120	-0.002381	0.999935	0.000147	-0.000243	0.000294	0.999940	0.000138	-0.002161	-0.000596	0.999926	-0.000324	0.001997	-0.000319	0.999884	0.002098	0.010809	-0.000282
0.999925	-0.000030	-0.000120	-0.002564	0.999935	0.000147	-0.000243	0.000294	0.999943	0.000141	-0.002224	-0.000655	0.999934	-0.000328	0.002114	-0.000390	0.999910	0.002222	0.011361	-0.000289
0.999928	-0.000032	-0.000120	-0.002747	0.999930	0.000152	-0.000304	0.000355	0.999949	0.000143	-0.002348	-0.000712	0.999942	-0.000328	0.002235	-0.000399	0.999879	0.002344	0.011848	-0.000294
0.999932	-0.000034	-0.000120	-0.002930	0.999930	0.000152	-0.000304	0.000355	0.999955	0.000145	-0.002471	-0.000769	0.999890	-0.000333	0.002361	-0.000409	0.999907	0.002407	0.012400	-0.000305
0.999935	-0.000036	-0.000120	-0.003113	0.999925	0.000157	-0.000365	0.000416	0.999961	0.000144	-0.002593	-0.000765	0.999894	-0.000333	0.002422	-0.000414	0.999873	0.002529	0.012948	-0.000312
0.999937	-0.000037	-0.000120	-0.003235	0.999925	0.000218	-0.000365	0.000411	0.999964	0.000147	-0.002656	-0.000824	0.999903	-0.000398	0.002478	-0.000475	0.999906	0.002653	0.013378	-0.000316
0.999940	-0.000039	-0.000120	-0.003418	0.999925	0.000218	-0.000365	0.000411	0.999971	0.000149	-0.002780	-0.000881	0.999907	-0.000398	0.002538	-0.000480	0.999877	0.002714	0.013865	-0.000325
0.999943	-0.000041	-0.000120	-0.003601	0.999930	0.000223	-0.000304	0.000472	0.999972	0.000210	-0.002841	-0.000876	0.999915	-0.000398	0.002660	-0.000489	0.999851	0.002778	0.014290	-0.000394
0.999947	-0.000043	-0.000120	-0.003784	0.999930	0.000223	-0.000304	0.000472	0.999972	0.000210	-0.002841	-0.000876	0.999919	-0.000402	0.002716	-0.000555	0.999881	0.002902	0.014781	-0.000399
0.999950	-0.000045	-0.000119	-0.003967	0.999925	0.000284	-0.000365	0.000467	0.999922	0.000152	-0.003031	-0.000995	0.999923	-0.000402	0.002776	-0.000560	0.999855	0.002963	0.015207	-0.000407
0.999952	-0.000046	-0.000119	-0.004089	0.999925	0.000228	-0.000365	0.000532	0.999928	0.000151	-0.003152	-0.000991	0.999927	-0.000402	0.002837	-0.000564	0.999833	0.003024	0.015572	-0.000413
0.999955	-0.000048	-0.000119	-0.004273	0.999925	0.000289	-0.000365	0.000527	0.999926	0.000215	-0.003155	-0.001049	0.999897	-0.000649	0.003023	-0.000563	0.999870	0.003148	0.015941	-0.000415
0.999959	-0.000050	-0.000119	-0.004456	0.999925	0.000289	-0.000365	0.000527	0.999930	0.000217	-0.003218	-0.001108	0.999901	-0.000584	0.003149	-0.000515	0.999847	0.003209	0.016307	-0.000421
0.999901	-0.000052	-0.000118	-0.004640	0.999925	0.000289	-0.000365	0.000527	0.999936	0.000220	-0.003342	-0.001165	0.999905	-0.000588	0.003205	-0.000581	0.999825	0.003270	0.016672	-0.000427
0.999904	-0.000054	-0.000118	-0.004823	0.999926	0.000294	-0.000365	0.000588	0.999934	0.000281	-0.003342	-0.001162	0.999909	-0.000588	0.003266	-0.000586	0.999802	0.003331	0.017038	-0.000433
****************************** MARCA-1 ******************************
0.999906	-0.000056	-0.000118	-0.004945	0.999926	0.000294	-0.000365	0.000588	0.999937	0.000283	-0.003405	-0.001221	0.999908	-0.000528	0.003327	-0.000595	0.999848	0.003397	0.017283	-0.000497
0.999909	0.000004	-0.000119	-0.005129	0.999926	0.000294	-0.000365	0.000588	0.999940	0.000286	-0.003468	-0.001280	0.999908	-0.000532	0.003322	-0.000655	0.999825	0.003458	0.017649	-0.000503
0.999913	0.000003	-0.000058	-0.005312	0.999926	0.000294	-0.000365	0.000588	0.999940	0.000286	-0.003468	-0.001280	0.999916	-0.000532	0.003443	-0.000665	0.999807	0.003520	0.017953	-0.000507
0.999915	0.000000	-0.000119	-0.005434	0.999921	0.000299	-0.000426	0.000649	0.999944	0.000288	-0.003531	-0.001339	0.999920	-0.000532	0.003504	-0.000670	0.999790	0.003645	0.018195	-0.000567
0.999919	-0.000001	-0.000058	-0.005617	0.999921	0.000299	-0.000426	0.000649	0.999947	0.000291	-0.003594	-0.001398	0.999924	-0.000531	0.003565	-0.000674	0.999771	0.003706	0.018500	-0.000572
0.999921	-0.000004	-0.000119	-0.005800	0.999921	0.000360	-0.000426	0.000644	0.999947	0.000291	-0.003594	-0.001398	0.999924	-0.000536	0.003560	-0.000735	0.999816	0.003772	0.018745	-0.000636
****************************** MARCA-2 ******************************
0.999925	-0.000006	-0.000119	-0.005983	0.999921	0.000365	-0.000426	0.000705	0.999947	0.000291	-0.003594	-0.001398	0.999932	-0.000535	0.003682	-0.000745	0.999801	0.003833	0.018989	-0.000638
0.999928	-0.000008	-0.000119	-0.006166	0.999916	0.000365	-0.000486	0.000705	0.999950	0.000296	-0.003658	-0.001518	0.999932	-0.000535	0.003682	-0.000745	0.999782	0.003894	0.019294	-0.000643
0.999930	-0.000009	-0.000119	-0.006288	0.999916	0.000426	-0.000486	0.000700	0.999956	0.000238	-0.003721	-0.001580	0.999936	-0.000535	0.003742	-0.000749	0.999766	0.003955	0.019537	-0.000646
0.999933	-0.000011	-0.000119	-0.006471	0.999921	0.000431	-0.000426	0.000761	0.999959	0.000238	-0.003782	-0.001578	0.999880	-0.000540	0.003807	-0.000754	0.999751	0.004016	0.019781	-0.000648
****************************** MARCA-3 ******************************
0.999936	-0.000013	-0.000119	-0.006654	0.999916	0.000431	-0.000486	0.000761	0.999962	0.000240	-0.003845	-0.001637	0.999884	-0.000544	0.003863	-0.000820	0.999740	0.004020	0.019962	-0.000714
0.999940	-0.000015	-0.000118	-0.006837	0.999916	0.000431	-0.000486	0.000761	0.999962	0.000240	-0.003845	-0.001637	0.999884	-0.000544	0.003863	-0.000820	0.999789	0.004083	0.020148	-0.000715
0.999943	-0.000017	-0.000118	-0.007020	0.999916	0.000436	-0.000486	0.000821	0.999965	0.000243	-0.003908	-0.001696	0.999888	-0.000544	0.003924	-0.000824	0.999774	0.004144	0.020392	-0.000718
0.999885	-0.000019	-0.000118	-0.007204	0.999916	0.000436	-0.000486	0.000821	0.999968	0.000242	-0.003969	-0.001694	0.999893	-0.000609	0.003919	-0.000881	0.999763	0.004144	0.020575	-0.000723
0.999887	-0.000020	-0.000118	-0.007326	0.999916	0.000436	-0.000486	0.000821	0.999970	0.000184	-0.003970	-0.001758	0.999882	-0.000423	0.003984	-0.000837	0.999753	0.004147	0.020756	-0.000788
0.999891	-0.000022	-0.000117	-0.007509	0.999916	0.000436	-0.000486	0.000821	0.999913	0.000185	-0.004036	-0.001817	0.999933	-0.000297	0.003980	-0.000845	0.999741	0.004208	0.020938	-0.000790
