#Coleta - 2017-06-30 17:31:28.699566
#Quaternions das seguintes Joints: 
#q_w	q_x	q_y	q_z
#RIGHT WRIST	RIGHT ELBOW	UNILAT TORSO	LEFT ELBOW	LEFT WRIST
#*#*#*#*#*#*#*#*#*#*#*#*#*#*#*#*#*#*#*#*#*#*#*#*#*#*#*#*#*#*#*#*#*#*#*#* DADOS: ************************************
0.999902	-0.000313	0.004553	-0.006154	0.999836	-0.001190	0.005038	-0.007539	0.999902	0.002072	0.002324	-0.000027	0.999912	-0.001072	0.001789	0.002793	0.999903	0.001827	0.001194	0.003518
0.999889	-0.000308	0.004663	-0.005760	0.999825	-0.001617	0.005267	-0.007199	0.999888	0.002018	0.002296	0.000094	0.999911	-0.001312	0.002070	0.002580	0.999904	0.001520	0.001019	0.003165
0.999903	-0.000487	0.005031	-0.005379	0.999842	-0.001346	0.005536	-0.006866	0.999902	0.001760	0.002633	-0.000004	0.999928	-0.001235	0.001933	0.002312	0.999918	0.001582	0.000937	0.002962
0.999917	-0.000668	0.005339	-0.005009	0.999871	-0.002103	0.006037	-0.006749	0.999903	0.001506	0.002586	-0.000068	0.999892	-0.001159	0.001690	0.002275	0.999932	0.001017	0.000376	0.002961
0.999948	-0.000838	0.005990	-0.005132	0.999865	-0.001331	0.006172	-0.006857	0.999912	0.001320	0.002364	0.000075	0.999938	-0.001409	0.001248	0.002306	0.999920	0.000642	0.000016	0.003193
0.999891	-0.000832	0.005822	-0.005228	0.999870	-0.002116	0.005860	-0.006996	0.999885	0.001209	0.002381	0.000271	0.999942	-0.001789	0.001154	0.002453	0.999895	0.000520	-0.000021	0.003370
0.999908	-0.001406	0.005480	-0.005296	0.999847	-0.002377	0.005575	-0.007079	0.999914	0.000822	0.002273	0.000198	0.999939	-0.001859	0.001061	0.002619	0.999885	0.000773	0.000003	0.003254
0.999928	-0.001297	0.005154	-0.005233	0.999870	-0.002264	0.005284	-0.006981	0.999922	0.000878	0.002109	0.000094	0.999909	-0.001733	0.000919	0.002726	0.999888	0.000774	-0.000224	0.003144
0.999903	-0.001427	0.004835	-0.005171	0.999862	-0.002659	0.004907	-0.006960	0.999877	0.000943	0.002168	-0.000146	0.999904	-0.001475	0.000690	0.002639	0.999938	0.000702	-0.000390	0.003046
0.999921	-0.001319	0.004437	-0.005060	0.999878	-0.002162	0.004548	-0.006895	0.999909	0.000607	0.001806	-0.000471	0.999918	-0.001779	0.000579	0.002539	0.999931	0.000954	-0.000629	0.002999
0.999928	-0.001268	0.004161	-0.004926	0.999870	-0.002360	0.004284	-0.006844	0.999877	0.000731	0.001805	-0.000727	0.999936	-0.001396	0.000303	0.002390	0.999938	0.001268	-0.000879	0.002701
0.999901	-0.001392	0.004022	-0.004830	0.999848	-0.002422	0.004169	-0.006879	0.999896	0.000529	0.001919	-0.000943	0.999940	-0.001070	0.000096	0.002187	0.999903	0.001093	-0.000936	0.002375
0.999946	-0.001161	0.003763	-0.004815	0.999858	-0.002173	0.004028	-0.006866	0.999889	0.000280	0.001666	-0.000931	0.999893	-0.001661	0.000081	0.001839	0.999947	0.000710	-0.000921	0.002311
0.999949	-0.001474	0.003713	-0.004826	0.999846	-0.002814	0.003927	-0.006880	0.999930	-0.000046	0.001484	-0.000962	0.999919	-0.001845	0.000102	0.001707	0.999938	0.000962	-0.000970	0.002242
0.999938	-0.001538	0.003595	-0.004849	0.999875	-0.002505	0.003842	-0.006850	0.999894	-0.000158	0.001264	-0.000822	0.999906	-0.001585	0.000004	0.001582	0.999916	0.000844	-0.001183	0.002071
0.999909	-0.001351	0.003446	-0.004754	0.999851	-0.002759	0.003638	-0.006780	0.999903	-0.000334	0.000985	-0.000442	0.999938	-0.002140	-0.000109	0.001466	0.999928	0.000592	-0.001374	0.002090
0.999914	-0.001973	0.003467	-0.004752	0.999821	-0.003261	0.003651	-0.006762	0.999908	-0.000599	0.001128	-0.000774	0.999928	-0.002260	-0.000302	0.001488	0.999905	0.000468	-0.001616	0.002349
0.999957	-0.002051	0.003254	-0.004605	0.999890	-0.003222	0.003494	-0.006682	0.999898	-0.000833	0.000716	-0.000361	0.999888	-0.002195	-0.000445	0.001591	0.999896	0.000407	-0.001867	0.002358
0.999954	-0.002425	0.003181	-0.004808	0.999846	-0.003543	0.003154	-0.006781	0.999912	-0.000764	0.000659	-0.000126	0.999908	-0.002505	-0.000638	0.001601	0.999895	0.000409	-0.001723	0.002263
0.999944	-0.002442	0.002633	-0.004540	0.999884	-0.003569	0.002672	-0.006674	0.999901	-0.000807	0.000678	0.000320	0.999919	-0.002392	-0.000466	0.001700	0.999940	0.000339	-0.001505	0.002121
0.999917	-0.002888	0.002181	-0.004381	0.999867	-0.004216	0.002396	-0.006742	0.999929	-0.000686	0.000664	0.000374	0.999895	-0.001847	-0.000445	0.001985	0.999915	0.000539	-0.001201	0.001564
0.999963	-0.003267	0.002290	-0.004236	0.999858	-0.003641	0.002343	-0.006840	0.999910	-0.000492	0.000592	0.000412	0.999902	-0.001125	-0.000430	0.002341	0.999908	0.000792	-0.001357	0.001410
0.999932	-0.003074	0.002309	-0.004046	0.999864	-0.003629	0.002616	-0.006691	0.999886	-0.000352	0.000730	0.000628	0.999931	-0.000693	-0.000677	0.002385	0.999944	0.000658	-0.001500	0.001503
0.999957	-0.002940	0.002748	-0.004085	0.999836	-0.003797	0.003197	-0.006888	0.999876	-0.000404	0.000806	0.000837	0.999934	-0.001070	-0.000761	0.002472	0.999922	0.000535	-0.001802	0.001750
0.999941	-0.002730	0.003350	-0.004341	0.999838	-0.002828	0.003597	-0.007047	0.999911	-0.000291	0.001026	0.000697	0.999920	-0.000521	-0.000920	0.002725	0.999935	0.000594	-0.001814	0.001810
0.999919	-0.002585	0.003798	-0.004753	0.999835	-0.003331	0.004105	-0.007385	0.999925	-0.000291	0.001382	0.000782	0.999927	-0.000840	-0.000883	0.002837	0.999921	0.000533	-0.001767	0.001882
0.999898	-0.002385	0.004066	-0.004888	0.999858	-0.002894	0.004243	-0.007674	0.999930	-0.000288	0.001486	0.000870	0.999935	-0.000784	-0.000832	0.002911	0.999917	0.000221	-0.001659	0.001962
0.999923	-0.002322	0.004204	-0.005295	0.999839	-0.003212	0.004420	-0.007994	0.999919	-0.000354	0.001588	0.000708	0.999920	-0.001155	-0.000645	0.002860	0.999939	0.000344	-0.001370	0.001775
0.999908	-0.002439	0.004314	-0.005524	0.999853	-0.002966	0.004315	-0.008098	0.999892	-0.000214	0.001666	0.000910	0.999895	-0.000895	-0.000552	0.002706	0.999888	0.000108	-0.001260	0.001546
0.999907	-0.002139	0.003945	-0.005594	0.999855	-0.003169	0.004182	-0.008262	0.999917	-0.000335	0.001475	0.001183	0.999940	-0.001641	-0.000414	0.002560	0.999947	0.000099	-0.001090	0.001332
0.999939	-0.002332	0.003926	-0.005784	0.999857	-0.003371	0.004048	-0.008425	0.999923	-0.000354	0.001707	0.000737	0.999932	-0.001319	-0.000441	0.002389	0.999911	-0.000081	-0.001281	0.001352
0.999942	-0.002649	0.003756	-0.005818	0.999840	-0.003441	0.003931	-0.008653	0.999920	-0.000596	0.001530	0.000955	0.999943	-0.001628	-0.000503	0.002359	0.999901	-0.000141	-0.001460	0.001313
0.999903	-0.002578	0.003752	-0.006130	0.999829	-0.003315	0.004020	-0.008949	0.999890	-0.000715	0.001471	0.000946	0.999937	-0.001744	-0.000745	0.002310	0.999901	-0.000452	-0.001698	0.001259
0.999906	-0.002582	0.003643	-0.006213	0.999832	-0.003704	0.003912	-0.008972	0.999918	-0.000839	0.001353	0.001173	0.999917	-0.002290	-0.000992	0.002235	0.999902	-0.000764	-0.001949	0.001265
0.999931	-0.002775	0.003589	-0.006224	0.999820	-0.003951	0.004035	-0.008926	0.999875	-0.001019	0.001367	0.001121	0.999905	-0.002403	-0.001164	0.002136	0.999904	-0.000764	-0.002128	0.001227
0.999919	-0.002829	0.003771	-0.006189	0.999835	-0.003700	0.004029	-0.008935	0.999903	-0.000898	0.001353	0.001176	0.999882	-0.002584	-0.001298	0.002164	0.999902	-0.001076	-0.002199	0.001271
0.999946	-0.003018	0.003849	-0.006236	0.999802	-0.004456	0.004238	-0.009104	0.999880	-0.001014	0.001458	0.001268	0.999925	-0.002713	-0.001356	0.002145	0.999946	-0.001463	-0.002247	0.001505
0.999915	-0.003503	0.004056	-0.006262	0.999822	-0.004396	0.004294	-0.009088	0.999870	-0.001320	0.001487	0.001413	0.999922	-0.003409	-0.001213	0.002315	0.999896	-0.001392	-0.002094	0.001663
0.999945	-0.003010	0.004088	-0.006190	0.999839	-0.004139	0.004385	-0.009002	0.999884	-0.001011	0.001562	0.001356	0.999884	-0.002924	-0.001133	0.002607	0.999938	-0.000904	-0.002240	0.001763
0.999906	-0.003183	0.004311	-0.006025	0.999842	-0.004135	0.004502	-0.008965	0.999903	-0.000956	0.001709	0.001263	0.999940	-0.002691	-0.001340	0.002770	0.999928	-0.000965	-0.002444	0.001845
0.999894	-0.002929	0.004374	-0.006074	0.999808	-0.004056	0.004636	-0.008991	0.999875	-0.001070	0.001681	0.001387	0.999889	-0.002686	-0.001485	0.002870	0.999905	-0.001085	-0.002636	0.001865
0.999943	-0.002993	0.004627	-0.006087	0.999853	-0.004130	0.004771	-0.009009	0.999903	-0.001203	0.001619	0.001377	0.999931	-0.002880	-0.001685	0.002947	0.999897	-0.001148	-0.002972	0.001981
0.999894	-0.002917	0.004745	-0.006065	0.999835	-0.003987	0.004925	-0.008901	0.999889	-0.001267	0.001648	0.001261	0.999935	-0.002936	-0.001927	0.002901	0.999936	-0.000968	-0.003079	0.001898
0.999921	-0.002738	0.004693	-0.005825	0.999845	-0.003926	0.004810	-0.008747	0.999899	-0.001206	0.001515	0.001289	0.999925	-0.002686	-0.002056	0.002956	0.999916	-0.000775	-0.003234	0.001744
0.999894	-0.002861	0.004614	-0.005717	0.999828	-0.004175	0.004798	-0.008679	0.999892	-0.001274	0.001750	0.001097	0.999902	-0.002856	-0.002219	0.002794	0.999929	-0.000715	-0.003294	0.001732
0.999914	-0.002745	0.004467	-0.005620	0.999826	-0.004177	0.004740	-0.008698	0.999909	-0.001217	0.001823	0.001050	0.999886	-0.002601	-0.002267	0.002739	0.999930	-0.000713	-0.003328	0.001600
0.999919	-0.003048	0.004740	-0.005693	0.999839	-0.004174	0.005027	-0.008799	0.999930	-0.001350	0.001584	0.000998	0.999894	-0.002598	-0.002387	0.002718	0.999893	-0.000893	-0.003328	0.001598
0.999905	-0.002487	0.004673	-0.005766	0.999857	-0.003289	0.004871	-0.008810	0.999902	-0.001217	0.001645	0.001007	0.999906	-0.003212	-0.002370	0.002559	0.999934	-0.000398	-0.003326	0.001293
0.999920	-0.002365	0.004743	-0.005503	0.999806	-0.004086	0.005300	-0.008653	0.999919	-0.001167	0.001761	0.000782	0.999928	-0.002092	-0.002590	0.002526	0.999938	-0.000396	-0.003588	0.001051
0.999899	-0.002104	0.005000	-0.005267	0.999841	-0.003377	0.005613	-0.008511	0.999889	-0.001044	0.001820	0.000540	0.999890	-0.003054	-0.002799	0.002184	0.999909	-0.000263	-0.003981	0.000845
0.999895	-0.002146	0.005599	-0.005463	0.999847	-0.003435	0.006092	-0.008806	0.999908	-0.000744	0.002071	0.000274	0.999933	-0.002237	-0.003251	0.002029	0.999927	-0.000204	-0.004400	0.000758
0.999928	-0.002011	0.006083	-0.005741	0.999825	-0.002969	0.006599	-0.009046	0.999913	-0.000998	0.002142	0.000238	0.999938	-0.002353	-0.003684	0.002008	0.999921	-0.000268	-0.004940	0.000956
0.999920	-0.001741	0.006661	-0.005878	0.999841	-0.003024	0.007289	-0.009403	0.999914	-0.000760	0.002289	-0.000113	0.999920	-0.002605	-0.004041	0.002242	0.999914	-0.000019	-0.005230	0.001148
0.999930	-0.001775	0.007520	-0.006458	0.999812	-0.002369	0.007676	-0.009686	0.999924	-0.000774	0.002611	-0.000412	0.999907	-0.001747	-0.004328	0.002553	0.999919	0.000288	-0.005401	0.001366
0.999908	-0.001268	0.007658	-0.006617	0.999828	-0.002371	0.007942	-0.009922	0.999872	-0.000764	0.002820	-0.000488	0.999933	-0.001942	-0.004278	0.002612	0.999881	0.000421	-0.005150	0.001358
0.999865	-0.000884	0.007692	-0.006859	0.999834	-0.002183	0.008069	-0.010144	0.999886	-0.000457	0.002909	-0.000604	0.999889	-0.001753	-0.004028	0.002606	0.999900	0.000856	-0.004444	0.001262
0.999907	-0.001015	0.007731	-0.007037	0.999786	-0.001924	0.007850	-0.010286	0.999891	-0.000452	0.002999	-0.000457	0.999927	-0.001332	-0.003448	0.002545	0.999916	0.000669	-0.003830	0.001014
0.999891	-0.000774	0.007400	-0.006976	0.999828	-0.002195	0.007796	-0.010293	0.999921	-0.000578	0.002955	-0.000275	0.999893	-0.002005	-0.002861	0.002298	0.999939	0.001106	-0.003385	0.000677
0.999881	-0.000832	0.007473	-0.007025	0.999822	-0.001997	0.007813	-0.010166	0.999874	-0.000824	0.003249	-0.000446	0.999940	-0.001253	-0.002598	0.001954	0.999910	0.000681	-0.003165	0.000218
0.999868	-0.000835	0.007333	-0.006617	0.999813	-0.002622	0.007949	-0.009913	0.999886	-0.001259	0.003011	-0.000234	0.999908	-0.002096	-0.002554	0.001601	0.999913	0.000372	-0.003544	-0.000052
0.999926	-0.001146	0.007691	-0.006485	0.999789	-0.002728	0.008320	-0.009858	0.999932	-0.001589	0.002976	-0.000355	0.999912	-0.002140	-0.002824	0.001365	0.999907	0.000315	-0.004032	-0.000405
0.999888	-0.001005	0.007986	-0.006429	0.999822	-0.002222	0.008423	-0.009839	0.999902	-0.001686	0.002849	0.000183	0.999902	-0.002045	-0.003515	0.001064	0.999924	-0.000248	-0.004746	-0.000562
0.999887	-0.001303	0.008404	-0.006288	0.999780	-0.003016	0.009063	-0.009744	0.999928	-0.002066	0.002639	0.000274	0.999875	-0.002706	-0.004004	0.000939	0.999925	-0.000871	-0.005294	-0.000623
0.999864	-0.001409	0.008839	-0.006267	0.999814	-0.002513	0.009126	-0.009802	0.999899	-0.002183	0.002625	0.000337	0.999921	-0.002956	-0.004446	0.000970	0.999913	-0.001247	-0.005667	-0.000332
0.999910	-0.001533	0.009080	-0.006531	0.999767	-0.003138	0.009446	-0.010133	0.999918	-0.002116	0.002701	0.000541	0.999918	-0.003082	-0.004720	0.001101	0.999911	-0.001561	-0.005763	-0.000169
0.999891	-0.002326	0.009415	-0.006843	0.999785	-0.003719	0.009573	-0.010268	0.999877	-0.002287	0.002718	0.000741	0.999917	-0.003472	-0.004715	0.001389	0.999907	-0.001563	-0.005502	0.000073
0.999890	-0.002022	0.009165	-0.006890	0.999817	-0.003416	0.009466	-0.010373	0.999912	-0.002163	0.002867	0.000897	0.999889	-0.003606	-0.004569	0.001593	0.999884	-0.001372	-0.005456	0.000147
0.999901	-0.001958	0.009283	-0.006867	0.999789	-0.003329	0.009833	-0.010325	0.999928	-0.002096	0.002884	0.001087	0.999924	-0.003437	-0.004597	0.001784	0.999910	-0.001253	-0.005516	0.000136
0.999878	-0.001389	0.009470	-0.006643	0.999753	-0.003051	0.010061	-0.010263	0.999911	-0.001897	0.002843	0.001258	0.999882	-0.003367	-0.004730	0.001828	0.999908	-0.001003	-0.006139	0.000133
0.999907	-0.001560	0.010110	-0.006706	0.999793	-0.002976	0.010677	-0.010198	0.999882	-0.002004	0.002772	0.001559	0.999910	-0.003110	-0.005470	0.001838	0.999870	-0.001240	-0.007045	-0.000309
0.999906	-0.001174	0.010531	-0.006375	0.999751	-0.002929	0.011340	-0.009865	0.999914	-0.002118	0.002716	0.002052	0.999891	-0.003505	-0.006417	0.001525	0.999877	-0.001300	-0.008465	-0.000670
0.999850	-0.001379	0.011583	-0.005988	0.999773	-0.003144	0.012488	-0.009625	0.999872	-0.001464	0.002489	0.002475	0.999890	-0.003959	-0.007807	0.001255	0.999855	-0.000915	-0.010102	-0.001196
0.999863	-0.000916	0.012564	-0.005673	0.999772	-0.002214	0.013414	-0.009618	0.999895	0.000008	0.002151	0.003341	0.999859	-0.003284	-0.009550	0.000992	0.999870	0.000210	-0.012231	-0.001752
0.999847	-0.000376	0.013718	-0.005947	0.999723	-0.001341	0.014678	-0.010273	0.999878	0.002038	0.002170	0.003768	0.999829	-0.002111	-0.011873	0.000905	0.999793	0.000847	-0.015180	-0.001676
0.999778	0.000440	0.015350	-0.006813	0.999703	0.000247	0.016201	-0.010610	0.999905	0.001684	0.001863	0.004525	0.999803	-0.001445	-0.014625	0.001085	0.999726	0.001555	-0.017702	-0.002445
0.999780	0.002467	0.016533	-0.006516	0.999681	0.000452	0.017961	-0.010320	0.999876	0.001577	0.001792	0.004826	0.999731	-0.000723	-0.017695	0.000593	0.999680	0.001144	-0.020657	-0.003819
0.999732	0.002058	0.019030	-0.005851	0.999600	-0.000032	0.021116	-0.009701	0.999894	0.000619	0.001678	0.004523	0.999696	-0.003209	-0.020546	-0.000425	0.999577	0.001556	-0.025087	-0.005304
0.999701	0.003734	0.022659	-0.004961	0.999514	0.001458	0.025334	-0.008615	0.999882	0.000054	0.001630	0.004470	0.999589	-0.002477	-0.025253	-0.001512	0.999428	0.002858	-0.030819	-0.007425
0.999524	0.004756	0.028289	-0.003693	0.999326	0.001851	0.031714	-0.007140	0.999919	0.000753	0.001519	0.004919	0.999436	-0.000884	-0.030986	-0.003036	0.999136	0.005817	-0.037093	-0.009949
0.999305	0.002691	0.036269	-0.002483	0.999103	-0.002244	0.039304	-0.005539	0.999911	0.000518	0.001181	0.005287	0.999193	0.000694	-0.037417	-0.004868	0.998798	0.008480	-0.044559	-0.013040
0.998907	-0.001722	0.045433	-0.002179	0.998790	-0.005069	0.046561	-0.004850	0.999875	-0.000186	0.001440	0.006318	0.998869	0.006949	-0.044395	-0.006637	0.998480	0.009886	-0.049955	-0.015587
0.998581	-0.002569	0.051907	-0.001755	0.998539	-0.004664	0.051709	-0.004342	0.999869	-0.000694	0.001288	0.007746	0.998585	0.008170	-0.049952	-0.007840	0.998261	0.010076	-0.053917	-0.017227
0.998371	-0.001274	0.056048	-0.001520	0.998311	-0.004325	0.055595	-0.004292	0.999902	-0.001062	0.001185	0.008176	0.998376	0.007871	-0.054008	-0.009245	0.998095	0.009683	-0.056927	-0.018051
0.998135	-0.002416	0.059678	-0.001455	0.998119	-0.005995	0.058779	-0.003825	0.999884	-0.001949	0.001324	0.007867	0.998222	0.007198	-0.056791	-0.010141	0.997924	0.009915	-0.059125	-0.018883
0.998003	-0.001262	0.061985	-0.000389	0.998008	-0.005265	0.061351	-0.002914	0.999862	-0.002526	0.001050	0.007447	0.998095	0.007483	-0.059185	-0.010664	0.997796	0.010083	-0.060898	-0.020251
0.997835	-0.000323	0.065098	0.000395	0.997767	-0.004412	0.064542	-0.002137	0.999877	-0.002483	0.001150	0.007030	0.997935	0.007428	-0.061177	-0.011757	0.997677	0.009378	-0.062954	-0.021751
0.997594	0.000568	0.068202	0.001236	0.997604	-0.003906	0.067661	-0.001305	0.999853	-0.002846	0.001165	0.007236	0.997800	0.006149	-0.063125	-0.013227	0.997535	0.007673	-0.065060	-0.022715
0.997352	0.001467	0.071545	0.002124	0.997373	-0.003631	0.070865	-0.000507	0.999896	-0.003985	0.001215	0.007293	0.997669	0.004900	-0.064906	-0.014231	0.997397	0.006900	-0.066896	-0.023484
0.997049	-0.001454	0.075660	0.003206	0.997085	-0.007596	0.074566	0.000827	0.999876	-0.006209	0.001415	0.006486	0.997582	0.004242	-0.066611	-0.014877	0.997282	0.006243	-0.068602	-0.023976
0.996799	-0.001187	0.078704	0.004469	0.996877	-0.006136	0.076971	0.001789	0.999850	-0.006388	0.001845	0.006533	0.997458	0.003775	-0.068186	-0.015550	0.997211	0.006456	-0.069183	-0.024781
0.996606	-0.002059	0.081382	0.004912	0.996690	-0.007134	0.079422	0.002069	0.999863	-0.005625	0.002341	0.006811	0.997429	0.003469	-0.068857	-0.016368	0.997159	0.006474	-0.069681	-0.025384
0.996485	-0.000676	0.083028	0.005168	0.996563	-0.005245	0.081025	0.002065	0.999882	-0.005284	0.002396	0.007627	0.997376	0.002962	-0.069595	-0.016836	0.997068	0.005681	-0.070625	-0.025343
0.996261	0.000436	0.085267	0.004974	0.996420	-0.004287	0.083307	0.002044	0.999866	-0.005567	0.002164	0.008336	0.997312	0.003050	-0.070342	-0.016836	0.997005	0.006502	-0.071720	-0.025188
0.996156	0.001573	0.087124	0.005146	0.996243	-0.003582	0.085213	0.002232	0.999851	-0.005118	0.002258	0.008467	0.997228	0.003201	-0.071554	-0.016665	0.996864	0.006908	-0.073480	-0.025427
0.995931	0.003105	0.088971	0.005625	0.996025	-0.002834	0.087743	0.002676	0.999877	-0.005305	0.002465	0.008649	0.997054	0.003700	-0.073420	-0.016647	0.996714	0.006941	-0.075802	-0.025664
0.995676	0.003572	0.092315	0.006262	0.995728	-0.002218	0.091226	0.003166	0.999844	-0.005424	0.002347	0.008625	0.996955	0.002837	-0.075392	-0.016855	0.996452	0.007001	-0.078554	-0.026241
0.995269	0.006502	0.095928	0.007017	0.995267	0.000027	0.095780	0.003746	0.999842	-0.005433	0.002344	0.008374	0.996702	0.003337	-0.078164	-0.017367	0.996207	0.007127	-0.081576	-0.027310
0.994713	0.008645	0.101181	0.007459	0.994698	0.002131	0.101506	0.003478	0.999855	-0.006190	0.002472	0.008371	0.996461	0.002126	-0.081077	-0.018316	0.995789	0.008416	-0.086013	-0.028785
0.994116	0.014785	0.106725	0.007970	0.993909	0.005066	0.108805	0.005465	0.999834	-0.006030	0.002614	0.009090	0.996057	0.003089	-0.085358	-0.019433	0.995254	0.010294	-0.091073	-0.030570
0.993050	0.017814	0.115338	0.009854	0.992832	0.006488	0.117944	0.007296	0.999838	-0.004094	0.002092	0.008889	0.995577	0.005019	-0.090740	-0.020559	0.994700	0.011187	-0.096243	-0.033016
0.991872	0.024279	0.123871	0.012540	0.991594	0.012923	0.127504	0.009682	0.999887	-0.003415	0.002286	0.007276	0.995052	0.004643	-0.096099	-0.022439	0.993906	0.013815	-0.102821	-0.035609
0.990116	0.030402	0.135627	0.015328	0.989757	0.018949	0.140318	0.011800	0.999892	-0.002925	0.002612	0.006958	0.994279	0.004837	-0.102945	-0.024354	0.992813	0.016075	-0.111468	-0.038765
0.987762	0.038394	0.149782	0.018566	0.987067	0.023050	0.157056	0.015179	0.999875	-0.001755	0.003089	0.007842	0.993215	0.006577	-0.112587	-0.025479	0.991413	0.017325	-0.122447	-0.040928
0.983940	0.046077	0.170566	0.022285	0.983202	0.025695	0.179089	0.019710	0.999872	-0.000778	0.001920	0.008780	0.991876	0.005453	-0.123802	-0.026176	0.989566	0.014187	-0.136114	-0.043962
0.978765	0.047058	0.197302	0.027203	0.978290	0.015975	0.204384	0.026364	0.999868	0.000051	0.001588	0.009108	0.990065	0.003534	-0.137453	-0.025972	0.986590	0.007970	-0.155704	-0.046472
0.972438	0.046949	0.225791	0.032230	0.972316	0.017974	0.230238	0.031848	0.999871	0.000694	0.002573	0.009444	0.987461	-0.001917	-0.154950	-0.027505	0.982627	-0.000786	-0.178721	-0.049049
0.965112	0.042520	0.255244	0.038451	0.965534	0.011723	0.256392	0.039627	0.999814	0.001869	0.003598	0.010145	0.979727	-0.015854	-0.196306	-0.034796	0.977820	-0.003802	-0.202417	-0.052628
0.957244	0.037623	0.282708	0.047316	0.958029	0.000726	0.281992	0.048756	0.999844	0.003115	0.004759	0.009998	0.979727	-0.015854	-0.196306	-0.034796	0.977820	-0.003802	-0.202417	-0.052628
0.948600	0.026951	0.309819	0.057372	0.950057	-0.009148	0.306098	0.058069	0.999822	0.003940	0.005566	0.010033	0.975010	-0.018773	-0.217618	-0.039101	0.966714	-0.011171	-0.247693	-0.062231
0.940345	0.033342	0.332063	0.065264	0.942486	-0.005554	0.327456	0.064790	0.999849	0.004573	0.005497	0.008735	0.969561	-0.026046	-0.239297	-0.043095	0.960270	-0.020099	-0.269433	-0.068972
0.931225	0.030076	0.354828	0.076921	0.933859	-0.010826	0.349407	0.073779	0.999815	0.005307	0.004904	0.008062	0.963789	-0.033320	-0.259549	-0.049689	0.953487	-0.024620	-0.289911	-0.078196
0.921909	0.032388	0.375778	0.087685	0.924935	-0.013553	0.370471	0.082276	0.999846	0.006352	0.005571	0.006045	0.949225	-0.056093	-0.302331	-0.065263	0.945459	-0.032498	-0.311855	-0.087337
0.912006	0.033877	0.396600	0.098277	0.915313	-0.015937	0.391834	0.090255	0.999843	0.006070	0.005576	0.005241	0.941109	-0.065134	-0.323700	-0.071431	0.937054	-0.037679	-0.333335	-0.096346
0.901734	0.037186	0.417331	0.106111	0.906108	-0.014909	0.411207	0.097010	0.999845	0.006983	0.006389	0.004458	0.941109	-0.065134	-0.323700	-0.071431	0.937054	-0.037679	-0.333335	-0.096346
0.891286	0.037442	0.436935	0.114829	0.895901	-0.018149	0.431316	0.103831	0.999855	0.006932	0.006879	0.003196	0.931589	-0.079135	-0.345375	-0.080778	0.916781	-0.062509	-0.376754	-0.116212
0.880304	0.039664	0.456400	0.122951	0.884508	-0.025480	0.451534	0.113327	0.999823	0.006741	0.007322	0.004502	0.909177	-0.115347	-0.386057	-0.104709	0.904872	-0.076389	-0.398361	-0.128670
0.868653	0.045588	0.476345	0.127613	0.872191	-0.026203	0.473251	0.120248	0.999869	0.005345	0.007413	0.004391	0.896507	-0.126530	-0.408503	-0.115390	0.892797	-0.076329	-0.422346	-0.136391
0.856373	0.056811	0.496472	0.129450	0.859159	-0.027738	0.494627	0.127188	0.999846	0.003952	0.007387	0.005570	0.882702	-0.138026	-0.431785	-0.123482	0.879084	-0.083377	-0.444240	-0.151190
0.843727	0.064239	0.516293	0.131574	0.845833	-0.027048	0.515711	0.133000	0.999837	0.003790	0.008192	0.006146	0.882702	-0.138026	-0.431785	-0.123482	0.879084	-0.083377	-0.444240	-0.151190
0.830902	0.073824	0.534629	0.134907	0.833131	-0.024806	0.535064	0.137156	0.999800	0.004139	0.009949	0.006678	0.850648	-0.168903	-0.473239	-0.154246	0.849009	-0.103419	-0.485970	-0.179439
0.817721	0.078186	0.552926	0.139320	0.819897	-0.026452	0.553189	0.144287	0.999810	0.002702	0.011097	0.008454	0.835699	-0.177154	-0.492194	-0.166891	0.833686	-0.116665	-0.503249	-0.194912
0.805807	0.087341	0.568769	0.139217	0.806852	-0.023320	0.571087	0.148523	0.999760	0.001648	0.010058	0.011764	0.817934	-0.194867	-0.509369	-0.182842	0.818326	-0.126672	-0.518086	-0.214009
0.796417	0.093871	0.581603	0.136181	0.797639	-0.019236	0.582927	0.152820	0.999815	0.000350	0.009729	0.011045	0.802103	-0.207122	-0.525616	-0.193251	0.805641	-0.129111	-0.530370	-0.229974
0.789153	0.091631	0.590684	0.140606	0.789608	-0.026170	0.591407	0.160591	0.999781	-0.001377	0.009843	0.011643	0.791841	-0.205920	-0.540385	-0.196308	0.795927	-0.129678	-0.539904	-0.241032
0.784019	0.085034	0.595841	0.151666	0.782334	-0.037011	0.597817	0.170224	0.999754	-0.001874	0.009206	0.014838	0.784965	-0.205991	-0.547412	-0.203927	0.785362	-0.141810	-0.545730	-0.255207
0.781646	0.080091	0.597234	0.160730	0.779982	-0.041759	0.599894	0.172727	0.999704	-0.002311	0.009190	0.017803	0.776313	-0.217547	-0.549361	-0.219382	0.778847	-0.157791	-0.546528	-0.263947
0.781385	0.077302	0.596558	0.165680	0.780476	-0.042921	0.599497	0.171630	0.999694	-0.003639	0.009135	0.019098	0.776139	-0.218605	-0.549366	-0.218822	0.779606	-0.153044	-0.547589	-0.262423
0.783092	0.079341	0.594569	0.163744	0.782237	-0.044159	0.597317	0.170596	0.999685	-0.004358	0.008427	0.018392	0.777747	-0.218169	-0.547692	-0.217851	0.779206	-0.154500	-0.544827	-0.268474
0.785318	0.084321	0.592121	0.159509	0.784691	-0.043898	0.595185	0.166931	0.999700	-0.004098	0.007143	0.017195	0.778670	-0.224941	-0.541770	-0.222329	0.781173	-0.158509	-0.540097	-0.269778
0.787139	0.088271	0.590094	0.155836	0.786791	-0.043955	0.593386	0.163497	0.999765	-0.003368	0.005854	0.015476	0.782595	-0.225312	-0.537089	-0.219746	0.784928	-0.154414	-0.537666	-0.266280
0.788491	0.090875	0.588166	0.154773	0.788114	-0.048243	0.591565	0.162522	0.999762	-0.003424	0.004418	0.014129	0.785735	-0.222843	-0.534142	-0.218213	0.787470	-0.147642	-0.537861	-0.262238
0.789281	0.092324	0.587431	0.152548	0.789067	-0.047828	0.591245	0.158921	0.999801	-0.003111	0.003413	0.012809	0.786149	-0.225468	-0.531634	-0.219926	0.787758	-0.141595	-0.539173	-0.261935
0.789550	0.096097	0.587787	0.147479	0.789530	-0.046320	0.591604	0.155932	0.999802	-0.002966	0.002590	0.013360	0.784178	-0.232874	-0.529207	-0.224998	0.784622	-0.142661	-0.540226	-0.268408
0.788413	0.096637	0.589744	0.145271	0.788922	-0.050038	0.591519	0.158107	0.999771	-0.003709	0.003149	0.013397	0.781081	-0.238536	-0.529525	-0.229120	0.778703	-0.150758	-0.541167	-0.279132
0.785748	0.090599	0.593326	0.148959	0.786583	-0.056224	0.592705	0.162998	0.999821	-0.003527	0.004897	0.013432	0.777301	-0.242930	-0.531341	-0.233290	0.770083	-0.162866	-0.542772	-0.292795
0.781721	0.082781	0.597719	0.157105	0.783132	-0.062626	0.594849	0.169246	0.999758	-0.003623	0.005510	0.013771	0.770325	-0.252478	-0.532774	-0.242732	0.758374	-0.181304	-0.542970	-0.311549
0.776772	0.076144	0.602526	0.166114	0.778589	-0.066702	0.598512	0.175799	0.999779	-0.004304	0.005419	0.014153	0.761782	-0.266043	-0.532320	-0.255778	0.745570	-0.201620	-0.541935	-0.331193
0.772958	0.078604	0.606217	0.169383	0.775294	-0.065052	0.601850	0.179564	0.999726	-0.005309	0.005501	0.015405	0.755061	-0.274999	-0.533012	-0.264687	0.739482	-0.212115	-0.539821	-0.341620
0.768683	0.078472	0.610048	0.175266	0.771421	-0.068589	0.604140	0.187102	0.999709	-0.005509	0.006356	0.016559	0.753827	-0.277084	-0.533280	-0.265580	0.736397	-0.214866	-0.538431	-0.348726
0.764822	0.073158	0.612425	0.185713	0.767623	-0.074898	0.605452	0.196019	0.999676	-0.006776	0.006922	0.017624	0.755591	-0.279034	-0.529936	-0.265146	0.733518	-0.221279	-0.535282	-0.355574
0.764111	0.076155	0.612567	0.187034	0.767579	-0.083298	0.603017	0.200239	0.999677	-0.007897	0.007376	0.017839	0.756167	-0.283226	-0.524982	-0.268888	0.732290	-0.231890	-0.530337	-0.358670
0.764796	0.074085	0.612159	0.186286	0.768339	-0.084749	0.602023	0.199420	0.999659	-0.006943	0.007518	0.018024	0.756767	-0.286511	-0.520727	-0.272077	0.731915	-0.237752	-0.529029	-0.357475
0.765426	0.075057	0.611347	0.186154	0.769158	-0.084608	0.601279	0.198635	0.999718	-0.006142	0.007329	0.018010	0.757840	-0.286137	-0.519065	-0.272654	0.733080	-0.237616	-0.530336	-0.353256
0.765753	0.079454	0.610681	0.184997	0.769681	-0.082049	0.601317	0.197566	0.999700	-0.005915	0.007057	0.017308	0.757847	-0.285444	-0.519279	-0.272774	0.733044	-0.236145	-0.532650	-0.350854
0.765787	0.090294	0.610805	0.179280	0.769854	-0.079045	0.601915	0.196326	0.999723	-0.006004	0.006547	0.016813	0.755926	-0.286875	-0.520125	-0.275144	0.730693	-0.235319	-0.535060	-0.352597
0.765143	0.096657	0.611199	0.177432	0.769268	-0.077740	0.602853	0.196305	0.999724	-0.007201	0.005872	0.016761	0.753295	-0.287946	-0.521710	-0.278104	0.727153	-0.234522	-0.537461	-0.356835
0.764241	0.098418	0.612173	0.177223	0.768674	-0.079042	0.602856	0.197925	0.999710	-0.008446	0.005126	0.017008	0.751714	-0.286526	-0.523881	-0.279920	0.724557	-0.230989	-0.539487	-0.361331
0.763921	0.096447	0.612788	0.177261	0.768672	-0.081841	0.602002	0.199532	0.999695	-0.008925	0.004492	0.017566	0.751138	-0.284790	-0.525069	-0.280944	0.722003	-0.228946	-0.540048	-0.366850
0.764681	0.093219	0.611908	0.178846	0.769468	-0.082906	0.600949	0.199261	0.999681	-0.008588	0.003730	0.018124	0.751140	-0.285434	-0.524173	-0.281881	0.720037	-0.229979	-0.539579	-0.370695
0.765654	0.091678	0.610599	0.180112	0.770359	-0.082844	0.599887	0.199085	0.999708	-0.008513	0.002402	0.018682	0.751696	-0.286821	-0.522867	-0.281498	0.719992	-0.229357	-0.540486	-0.369942
0.766708	0.092295	0.609068	0.180227	0.771179	-0.081677	0.599160	0.198339	0.999683	-0.008148	0.001112	0.018297	0.752641	-0.286791	-0.522441	-0.279702	0.721154	-0.226913	-0.542721	-0.365763
0.767326	0.093828	0.608201	0.179962	0.771708	-0.081234	0.598715	0.197820	0.999729	-0.008392	0.000491	0.017215	0.752616	-0.286748	-0.522778	-0.279199	0.722386	-0.224415	-0.544591	-0.362130
0.767310	0.094445	0.607992	0.180297	0.771857	-0.080348	0.599128	0.196392	0.999764	-0.008501	0.000405	0.016257	0.752317	-0.286255	-0.523557	-0.279051	0.722460	-0.222399	-0.546554	-0.360207
0.766906	0.095168	0.608636	0.179726	0.772085	-0.078470	0.599719	0.194481	0.999720	-0.008376	0.000094	0.015989	0.752610	-0.282774	-0.526629	-0.275909	0.724597	-0.213068	-0.551025	-0.354846
0.766754	0.095859	0.609528	0.176911	0.772261	-0.077077	0.600140	0.193170	0.999744	-0.008141	-0.000737	0.015781	0.754827	-0.275475	-0.530885	-0.269181	0.727325	-0.200292	-0.554976	-0.350452
0.766976	0.096076	0.609664	0.175204	0.772758	-0.076831	0.599863	0.191941	0.999757	-0.008471	-0.001616	0.015521	0.755487	-0.272051	-0.532475	-0.267653	0.726527	-0.195307	-0.556966	-0.351739
0.767260	0.094705	0.609387	0.175590	0.772978	-0.077554	0.599617	0.191765	0.999753	-0.008669	-0.002124	0.015281	0.754052	-0.274596	-0.531523	-0.271026	0.724154	-0.197132	-0.557112	-0.355351
0.767755	0.093471	0.608842	0.176056	0.773379	-0.078092	0.599069	0.191494	0.999750	-0.009599	-0.002897	0.015635	0.752786	-0.277822	-0.530078	-0.274046	0.721564	-0.202585	-0.556072	-0.359260
0.768180	0.093488	0.608125	0.176554	0.773683	-0.077951	0.598778	0.191153	0.999723	-0.009915	-0.003285	0.015429	0.751994	-0.280010	-0.529025	-0.275964	0.719784	-0.206851	-0.554928	-0.362134
0.768362	0.093621	0.607684	0.177533	0.773849	-0.077700	0.598832	0.190529	0.999725	-0.010111	-0.003629	0.015292	0.752050	-0.280575	-0.528562	-0.276167	0.719555	-0.207048	-0.554928	-0.362449
0.768455	0.094968	0.607505	0.176947	0.774165	-0.076613	0.598854	0.189490	0.999761	-0.010187	-0.003854	0.015178	0.752566	-0.279285	-0.528979	-0.275241	0.720644	-0.206621	-0.555153	-0.360119
0.767974	0.095215	0.608317	0.175907	0.774103	-0.076275	0.599170	0.189065	0.999728	-0.010052	-0.003925	0.015218	0.752187	-0.279459	-0.529375	-0.275251	0.721429	-0.205000	-0.555870	-0.358439
0.767547	0.095647	0.609298	0.174280	0.773946	-0.076417	0.599387	0.188812	0.999728	-0.010299	-0.004015	0.015332	0.752645	-0.278624	-0.529965	-0.273761	0.722164	-0.202423	-0.556501	-0.357477
0.767126	0.095375	0.609905	0.174071	0.773867	-0.076141	0.599665	0.188312	0.999692	-0.010218	-0.003818	0.015565	0.753065	-0.276935	-0.530745	-0.272873	0.722236	-0.201507	-0.556864	-0.357229
0.766837	0.095250	0.610129	0.174539	0.773769	-0.076230	0.599733	0.188524	0.999719	-0.009836	-0.003828	0.015861	0.753000	-0.276907	-0.530697	-0.273172	0.722269	-0.200765	-0.557046	-0.357257
0.766707	0.094263	0.609840	0.176528	0.773722	-0.076527	0.599613	0.188942	0.999711	-0.009571	-0.004030	0.016179	0.753096	-0.276916	-0.530337	-0.273422	0.721578	-0.201660	-0.556619	-0.358739
0.766521	0.093095	0.609491	0.179186	0.773517	-0.077080	0.599571	0.189770	0.999712	-0.008997	-0.004276	0.016412	0.752735	-0.277897	-0.529693	-0.274851	0.720679	-0.203814	-0.555706	-0.360760
0.766050	0.091379	0.609648	0.181558	0.773037	-0.077920	0.599797	0.190617	0.999710	-0.008748	-0.004260	0.016343	0.752437	-0.278911	-0.529048	-0.275911	0.719840	-0.205985	-0.554855	-0.362482
0.765633	0.091028	0.609932	0.182717	0.772643	-0.077969	0.600202	0.190796	0.999731	-0.008437	-0.004021	0.016388	0.752053	-0.279788	-0.528610	-0.276873	0.719674	-0.206752	-0.554418	-0.363086
0.765075	0.090159	0.610552	0.183187	0.772199	-0.078568	0.600684	0.191206	0.999705	-0.008365	-0.003530	0.016440	0.752159	-0.280126	-0.528245	-0.276831	0.719576	-0.206912	-0.554259	-0.363554
0.764595	0.090411	0.611496	0.182111	0.771643	-0.078756	0.601271	0.191248	0.999748	-0.008261	-0.003075	0.016105	0.752269	-0.280154	-0.528068	-0.276742	0.719376	-0.207551	-0.553993	-0.363943
0.764315	0.090428	0.612172	0.181174	0.771452	-0.078630	0.601654	0.190846	0.999745	-0.008315	-0.002807	0.016297	0.751928	-0.281172	-0.527659	-0.277532	0.719460	-0.208318	-0.553630	-0.363877
0.764044	0.090616	0.612501	0.181043	0.771182	-0.078535	0.602103	0.190654	0.999724	-0.007935	-0.002479	0.016235	0.752356	-0.281161	-0.527356	-0.276990	0.719455	-0.208626	-0.553413	-0.364023
0.763994	0.090182	0.612342	0.181942	0.771028	-0.079181	0.602073	0.191042	0.999717	-0.007998	-0.002272	0.016162	0.752392	-0.281537	-0.527024	-0.277141	0.719421	-0.208493	-0.553448	-0.364153
0.763780	0.089792	0.612525	0.182342	0.770764	-0.079210	0.602338	0.191245	0.999736	-0.007694	-0.002050	0.016014	0.752533	-0.281450	-0.526986	-0.276946	0.719571	-0.207223	-0.554066	-0.363580
0.763807	0.090280	0.612415	0.182510	0.770686	-0.079432	0.602390	0.191521	0.999718	-0.007579	-0.001638	0.015606	0.752580	-0.281525	-0.526934	-0.276880	0.719010	-0.206660	-0.554620	-0.364250
0.763483	0.090596	0.612588	0.182845	0.770348	-0.079694	0.602663	0.191731	0.999755	-0.007973	-0.001525	0.015397	0.751845	-0.282698	-0.526739	-0.278020	0.717817	-0.207331	-0.555149	-0.365369
0.763114	0.091185	0.613165	0.182324	0.770006	-0.080522	0.602822	0.192370	0.999768	-0.009498	-0.001496	0.015025	0.751129	-0.283824	-0.526645	-0.278926	0.716492	-0.207482	-0.556344	-0.365997
0.762611	0.091570	0.614185	0.180827	0.769558	-0.081510	0.603102	0.192855	0.999704	-0.011571	-0.001704	0.014617	0.750521	-0.284566	-0.527029	-0.279150	0.715549	-0.206723	-0.557830	-0.366112
0.762168	0.092814	0.615161	0.178766	0.769584	-0.080578	0.603503	0.191674	0.999715	-0.012526	-0.002024	0.014389	0.749913	-0.285076	-0.527655	-0.279030	0.715562	-0.205243	-0.558981	-0.365087
0.762240	0.092883	0.615576	0.176921	0.769494	-0.081823	0.603350	0.192108	0.999702	-0.013594	-0.002254	0.014313	0.749586	-0.285885	-0.527682	-0.279077	0.716240	-0.204404	-0.559298	-0.363832
0.762784	0.092081	0.615119	0.176536	0.769882	-0.082420	0.602899	0.191741	0.999680	-0.013402	-0.002371	0.014278	0.750062	-0.285949	-0.527326	-0.278469	0.716618	-0.204364	-0.558998	-0.363456
0.763300	0.091585	0.614441	0.176919	0.770247	-0.082495	0.602571	0.191333	0.999680	-0.013898	-0.002535	0.014446	0.750113	-0.286511	-0.526793	-0.278721	0.716804	-0.204655	-0.558793	-0.363230
0.763757	0.090850	0.613751	0.177731	0.770318	-0.083798	0.602124	0.191874	0.999675	-0.014392	-0.002833	0.014646	0.749933	-0.287090	-0.526586	-0.278964	0.716653	-0.204498	-0.559035	-0.363279
0.763966	0.091550	0.613546	0.177390	0.770674	-0.082597	0.602179	0.190716	0.999660	-0.014687	-0.002993	0.015059	0.749934	-0.286537	-0.526985	-0.278753	0.716767	-0.203089	-0.559494	-0.363169
0.763820	0.092276	0.613864	0.176578	0.770596	-0.082512	0.602443	0.190281	0.999649	-0.014413	-0.003311	0.015600	0.750148	-0.285300	-0.527761	-0.278011	0.717152	-0.200997	-0.560197	-0.362478
0.763738	0.092425	0.614072	0.176119	0.770672	-0.082359	0.602580	0.189618	0.999689	-0.014480	-0.003475	0.015752	0.750280	-0.284410	-0.528251	-0.277550	0.717124	-0.199684	-0.560861	-0.362288
0.763901	0.092827	0.613946	0.175417	0.770978	-0.081527	0.602663	0.188414	0.999650	-0.014086	-0.003646	0.015946	0.750335	-0.283865	-0.528576	-0.277389	0.717099	-0.198932	-0.561188	-0.362222
0.764230	0.092623	0.613474	0.175647	0.771269	-0.081833	0.602325	0.188071	0.999683	-0.014154	-0.003988	0.016056	0.750359	-0.283984	-0.528353	-0.277605	0.717089	-0.198673	-0.560957	-0.362731
0.764734	0.092126	0.612728	0.176389	0.771590	-0.082090	0.602095	0.187377	0.999674	-0.014396	-0.004343	0.016231	0.750616	-0.283851	-0.528095	-0.277557	0.717197	-0.198443	-0.560774	-0.363002
0.765088	0.091168	0.612248	0.177113	0.771928	-0.082095	0.601916	0.186693	0.999671	-0.014390	-0.004445	0.016395	0.751185	-0.282883	-0.528260	-0.276670	0.717361	-0.197668	-0.560859	-0.362884
0.765346	0.091369	0.612186	0.176115	0.772055	-0.082152	0.601884	0.186177	0.999630	-0.014803	-0.004545	0.016827	0.751504	-0.282534	-0.528261	-0.276159	0.717619	-0.197044	-0.561103	-0.362303
0.765232	0.091340	0.612471	0.175607	0.772051	-0.082218	0.602054	0.185848	0.999610	-0.015347	-0.004899	0.017266	0.751554	-0.282376	-0.528511	-0.275759	0.718087	-0.196038	-0.561760	-0.360931
0.765024	0.091827	0.612765	0.175285	0.771714	-0.082287	0.602400	0.186010	0.999588	-0.015707	-0.004839	0.017545	0.751755	-0.281838	-0.528964	-0.274817	0.718706	-0.194316	-0.562417	-0.359549
****************************** MARCA-1 ******************************
0.764721	0.092573	0.612923	0.175620	0.771487	-0.081821	0.602725	0.185963	0.999623	-0.015586	-0.004675	0.017643	0.752052	-0.281297	-0.529085	-0.274315	0.719175	-0.192989	-0.562745	-0.358851
0.764184	0.093123	0.613354	0.176185	0.771045	-0.081590	0.603169	0.186400	0.999587	-0.016001	-0.004643	0.018043	0.751904	-0.281684	-0.528904	-0.274738	0.719372	-0.192345	-0.562685	-0.358830
0.763777	0.093336	0.613710	0.176552	0.770632	-0.081808	0.603417	0.187302	0.999565	-0.016180	-0.004095	0.018119	0.752216	-0.281558	-0.528572	-0.274741	0.719411	-0.192721	-0.562212	-0.359297
0.763336	0.093372	0.614144	0.176869	0.770288	-0.081868	0.603748	0.187716	0.999557	-0.017035	-0.003843	0.018652	0.752344	-0.281700	-0.528091	-0.274978	0.719625	-0.193446	-0.561509	-0.359658
0.763192	0.093651	0.614257	0.177199	0.770110	-0.081800	0.603854	0.187997	0.999557	-0.017343	-0.003562	0.018795	0.752405	-0.282431	-0.527304	-0.275630	0.720066	-0.193978	-0.560930	-0.359418
0.763359	0.094478	0.613894	0.177013	0.770428	-0.080828	0.603754	0.187564	0.999571	-0.017095	-0.003117	0.018766	0.752789	-0.282272	-0.526950	-0.275380	0.720517	-0.193889	-0.560604	-0.359161
0.763403	0.095025	0.613756	0.176990	0.770644	-0.080134	0.603613	0.187507	0.999595	-0.016544	-0.002687	0.018533	0.753181	-0.281801	-0.526843	-0.275092	0.720705	-0.193865	-0.560278	-0.359217
0.763294	0.095676	0.613947	0.176528	0.770515	-0.079387	0.603943	0.187200	0.999631	-0.015928	-0.002345	0.018403	0.752939	-0.282270	-0.526523	-0.275991	0.720530	-0.194380	-0.559889	-0.359891
0.762999	0.095746	0.614340	0.176408	0.770401	-0.079155	0.604077	0.187167	0.999599	-0.015852	-0.002001	0.018545	0.752707	-0.282690	-0.526174	-0.276696	0.720258	-0.195059	-0.559450	-0.360806
0.762609	0.095905	0.614931	0.175888	0.770195	-0.079013	0.604373	0.187248	0.999592	-0.015661	-0.001748	0.018535	0.752808	-0.282457	-0.526155	-0.276742	0.720070	-0.195635	-0.559074	-0.361421
0.762329	0.096035	0.615345	0.175648	0.770213	-0.078571	0.604456	0.187134	0.999616	-0.015604	-0.001496	0.018530	0.752699	-0.282597	-0.525948	-0.277271	0.720338	-0.195817	-0.558652	-0.361334
0.762304	0.096283	0.615208	0.175995	0.770283	-0.078146	0.604443	0.187120	0.999632	-0.015290	-0.001390	0.018606	0.752890	-0.282515	-0.525765	-0.277176	0.720548	-0.195984	-0.558325	-0.361393
0.762599	0.096328	0.614613	0.176823	0.770555	-0.077669	0.604131	0.187017	0.999601	-0.014906	-0.001327	0.018606	0.753139	-0.282136	-0.525648	-0.277013	0.720449	-0.196145	-0.558118	-0.361788
0.762861	0.096195	0.614095	0.177602	0.770748	-0.077797	0.603765	0.187361	0.999639	-0.014724	-0.001475	0.018689	0.753046	-0.282221	-0.525520	-0.277429	0.720078	-0.196434	-0.558189	-0.362368
0.762917	0.095929	0.613940	0.178132	0.770798	-0.077812	0.603650	0.187519	0.999600	-0.015080	-0.001858	0.018988	0.752633	-0.282732	-0.525505	-0.278069	0.719399	-0.196719	-0.558489	-0.363059
0.762972	0.095912	0.613786	0.178291	0.770817	-0.078138	0.603563	0.187630	0.999615	-0.015028	-0.001815	0.018808	0.752457	-0.282756	-0.525757	-0.278112	0.719084	-0.196465	-0.558899	-0.363204
