#Coleta - 2017-06-26 16:27:58.365984
#Quaternions das seguintes Joints: 
#q_w	q_x	q_y	q_z
#RIGHT WRIST	RIGHT ELBOW	UNILAT TORSO	LEFT ELBOW	LEFT WRIST
************************************ DADOS: ************************************
0.999934	0.001084	0.001172	-0.000807	0.999951	-0.001897	0.002316	0.000165	0.999929	0.000747	0.000644	-0.002428	0.999404	0.000124	0.000835	-0.032915	0.999220	-0.001165	0.009115	-0.037302
0.999933	0.001082	0.001111	-0.000807	0.999951	-0.001897	0.002316	0.000165	0.999929	0.000747	0.000644	-0.002428	0.999404	0.000124	0.000835	-0.032915	0.999222	-0.001165	0.009054	-0.037301
0.999934	0.001084	0.001172	-0.000807	0.999951	-0.001897	0.002316	0.000165	0.999929	0.000747	0.000644	-0.002428	0.999404	0.000124	0.000835	-0.032915	0.999221	-0.001104	0.009053	-0.037299
0.999934	0.001084	0.001172	-0.000807	0.999951	-0.001897	0.002316	0.000165	0.999929	0.000747	0.000644	-0.002428	0.999404	0.000124	0.000835	-0.032915	0.999223	-0.001103	0.008991	-0.037358
0.999934	0.001084	0.001172	-0.000807	0.999951	-0.001897	0.002316	0.000165	0.999929	0.000747	0.000644	-0.002428	0.999409	0.000124	0.000896	-0.032919	0.999226	-0.001042	0.008869	-0.037354
0.999934	0.001084	0.001172	-0.000807	0.999951	-0.001897	0.002316	0.000165	0.999929	0.000747	0.000644	-0.002428	0.999413	0.000063	0.000896	-0.032915	0.999226	-0.000981	0.008807	-0.037351
0.999934	0.001084	0.001172	-0.000807	0.999951	-0.001897	0.002316	0.000165	0.999929	0.000747	0.000644	-0.002428	0.999409	0.000124	0.000896	-0.032919	0.999228	-0.000982	0.008747	-0.037349
0.999934	0.001084	0.001172	-0.000807	0.999951	-0.001958	0.002316	0.000170	0.999930	0.000750	0.000642	-0.002489	0.999413	0.000124	0.000957	-0.032924	0.999229	-0.000921	0.008685	-0.037346
0.999934	0.001084	0.001172	-0.000807	0.999951	-0.001958	0.002316	0.000170	0.999930	0.000750	0.000642	-0.002489	0.999413	0.000124	0.000957	-0.032924	0.999231	-0.000921	0.008624	-0.037345
0.999934	0.001023	0.001175	-0.000806	0.999951	-0.001958	0.002316	0.000170	0.999930	0.000750	0.000642	-0.002489	0.999413	0.000124	0.000957	-0.032924	0.999232	-0.000861	0.008563	-0.037342
0.999934	0.001023	0.001175	-0.000806	0.999951	-0.001958	0.002316	0.000170	0.999930	0.000750	0.000642	-0.002489	0.999409	0.000124	0.000896	-0.032919	0.999230	-0.000800	0.008563	-0.037340
0.999933	0.001021	0.001114	-0.000806	0.999951	-0.001958	0.002316	0.000170	0.999930	0.000750	0.000642	-0.002489	0.999409	0.000124	0.000896	-0.032919	0.999232	-0.000800	0.008502	-0.037339
0.999936	0.001020	0.001114	-0.000867	0.999951	-0.001958	0.002316	0.000170	0.999930	0.000750	0.000642	-0.002489	0.999409	0.000124	0.000896	-0.032919	0.999232	-0.000800	0.008502	-0.037339
0.999936	0.001020	0.001114	-0.000867	0.999951	-0.001958	0.002316	0.000170	0.999930	0.000750	0.000642	-0.002489	0.999413	0.000124	0.000957	-0.032924	0.999233	-0.000798	0.008500	-0.037400
0.999936	0.001020	0.001114	-0.000867	0.999951	-0.001958	0.002316	0.000170	0.999931	0.000754	0.000640	-0.002550	0.999418	0.000064	0.000957	-0.032920	0.999231	-0.000737	0.008500	-0.037398
0.999937	0.001023	0.001175	-0.000867	0.999951	-0.001958	0.002316	0.000170	0.999929	0.000815	0.000639	-0.002547	0.999418	0.000064	0.000957	-0.032920	0.999233	-0.000737	0.008439	-0.037396
0.999937	0.001084	0.001172	-0.000868	0.999951	-0.001958	0.002316	0.000170	0.999929	0.000815	0.000639	-0.002547	0.999418	0.000064	0.000957	-0.032920	0.999230	-0.000676	0.008500	-0.037396
****************************** MARCA-1 ******************************
0.999937	0.001084	0.001172	-0.000868	0.999951	-0.001897	0.002316	0.000165	0.999929	0.000815	0.000639	-0.002547	0.999418	0.000064	0.000957	-0.032920	0.999230	-0.000676	0.008500	-0.037396
0.999937	0.001023	0.001175	-0.000867	0.999951	-0.001897	0.002316	0.000165	0.999929	0.000815	0.000639	-0.002547	0.999418	0.000064	0.000957	-0.032920	0.999229	-0.000615	0.008500	-0.037394
0.999937	0.001023	0.001175	-0.000867	0.999951	-0.001897	0.002316	0.000165	0.999929	0.000815	0.000639	-0.002547	0.999417	0.000125	0.001017	-0.032929	0.999231	-0.000615	0.008439	-0.037393
****************************** MARCA-2 ******************************
0.999937	0.001084	0.001172	-0.000868	0.999957	-0.001898	0.002377	0.000165	0.999930	0.000818	0.000637	-0.002608	0.999413	0.000124	0.000957	-0.032924	0.999231	-0.000615	0.008439	-0.037393
0.999937	0.001023	0.001175	-0.000867	0.999957	-0.001898	0.002377	0.000165	0.999930	0.000818	0.000637	-0.002608	0.999417	0.000125	0.001017	-0.032929	0.999231	-0.000555	0.008377	-0.037389
0.999939	0.001022	0.001175	-0.000928	0.999951	-0.001963	0.002316	0.000109	0.999930	0.000818	0.000637	-0.002608	0.999413	0.000185	0.001017	-0.032933	0.999231	-0.000555	0.008377	-0.037389
0.999939	0.001022	0.001175	-0.000928	0.999951	-0.001897	0.002316	0.000165	0.999930	0.000818	0.000637	-0.002608	0.999413	0.000185	0.001017	-0.032933	0.999231	-0.000555	0.008377	-0.037389
****************************** MARCA-3 ******************************
0.999939	0.001083	0.001172	-0.000929	0.999951	-0.001897	0.002316	0.000165	0.999930	0.000818	0.000637	-0.002608	0.999417	0.000125	0.001017	-0.032929	0.999231	-0.000555	0.008377	-0.037389
0.999939	0.001083	0.001172	-0.000929	0.999951	-0.001897	0.002316	0.000165	0.999930	0.000818	0.000637	-0.002608	0.999413	0.000185	0.001017	-0.032933	0.999231	-0.000492	0.008376	-0.037448
0.999939	0.001144	0.001169	-0.000929	0.999951	-0.001903	0.002316	0.000104	0.999932	0.000760	0.000636	-0.002672	0.999422	0.000125	0.001078	-0.032934	0.999231	-0.000492	0.008376	-0.037448
****************************** MARCA-4 ******************************
0.999939	0.001144	0.001169	-0.000929	0.999951	-0.001903	0.002316	0.000104	0.999927	0.000822	0.000696	-0.002670	0.999422	0.000121	0.001073	-0.032994	0.999231	-0.000492	0.008376	-0.037448
0.999939	0.001205	0.001166	-0.000930	0.999951	-0.001903	0.002316	0.000104	0.999929	0.000761	0.000697	-0.002674	0.999422	0.000121	0.001073	-0.032994	0.999232	-0.000492	0.008315	-0.037447
****************************** MARCA-5 ******************************
0.999939	0.001205	0.001166	-0.000930	0.999951	-0.001897	0.002316	0.000165	0.999929	0.000761	0.000697	-0.002674	0.999418	0.000120	0.001013	-0.032990	0.999231	-0.000431	0.008315	-0.037445
0.999940	0.001208	0.001227	-0.000930	0.999957	-0.001898	0.002377	0.000165	0.999932	0.000760	0.000636	-0.002672	0.999418	0.000120	0.001013	-0.032990	0.999231	-0.000429	0.008313	-0.037506
0.999940	0.001269	0.001224	-0.000930	0.999957	-0.001959	0.002377	0.000170	0.999932	0.000760	0.000636	-0.002672	0.999417	0.000125	0.001017	-0.032929	0.999230	-0.000368	0.008313	-0.037504
****************************** MARCA-6 ******************************
0.999941	0.001272	0.001285	-0.000930	0.999957	-0.001898	0.002377	0.000165	0.999930	0.000821	0.000635	-0.002668	0.999417	0.000125	0.001017	-0.032929	0.999230	-0.000368	0.008313	-0.037504
0.999941	0.001333	0.001282	-0.000931	0.999957	-0.001898	0.002377	0.000165	0.999930	0.000821	0.000635	-0.002668	0.999418	0.000120	0.001013	-0.032990	0.999229	-0.000307	0.008313	-0.037502
0.999941	0.001333	0.001282	-0.000931	0.999957	-0.001837	0.002377	0.000159	0.999930	0.000821	0.000635	-0.002668	0.999418	0.000120	0.001013	-0.032990	0.999231	-0.000307	0.008252	-0.037501
0.999941	0.001394	0.001280	-0.000932	0.999957	-0.001837	0.002377	0.000159	0.999927	0.000822	0.000696	-0.002670	0.999418	0.000120	0.001013	-0.032990	0.999231	-0.000307	0.008252	-0.037501
****************************** MARCA-7 ******************************
0.999941	0.001394	0.001280	-0.000932	0.999951	-0.001897	0.002316	0.000165	0.999928	0.000825	0.000694	-0.002731	0.999413	0.000120	0.000952	-0.032985	0.999231	-0.000307	0.008252	-0.037501
0.999941	0.001394	0.001280	-0.000932	0.999951	-0.001897	0.002316	0.000165	0.999929	0.000885	0.000633	-0.002726	0.999413	0.000120	0.000952	-0.032985	0.999231	-0.000305	0.008251	-0.037562
0.999941	0.001454	0.001277	-0.000932	0.999951	-0.001837	0.002317	0.000159	0.999931	0.000824	0.000633	-0.002729	0.999413	0.000120	0.000952	-0.032985	0.999231	-0.000305	0.008251	-0.037562
****************************** MARCA-8 ******************************
0.999941	0.001454	0.001277	-0.000932	0.999951	-0.001897	0.002316	0.000165	0.999931	0.000824	0.000633	-0.002729	0.999409	0.000181	0.000951	-0.032989	0.999231	-0.000305	0.008251	-0.037562
0.999941	0.001515	0.001274	-0.000933	0.999951	-0.001837	0.002317	0.000159	0.999931	0.000824	0.000633	-0.002729	0.999413	0.000181	0.001012	-0.032994	0.999231	-0.000305	0.008251	-0.037562
0.999941	0.001515	0.001274	-0.000933	0.999951	-0.001897	0.002316	0.000165	0.999931	0.000824	0.000633	-0.002729	0.999413	0.000181	0.001012	-0.032994	0.999231	-0.000303	0.008249	-0.037623
****************************** MARCA-9 ******************************
0.999941	0.001518	0.001335	-0.000933	0.999957	-0.001898	0.002377	0.000165	0.999931	0.000824	0.000633	-0.002729	0.999413	0.000181	0.001012	-0.032994	0.999231	-0.000303	0.008249	-0.037623
0.999941	0.001515	0.001274	-0.000933	0.999957	-0.001837	0.002377	0.000159	0.999931	0.000824	0.000633	-0.002729	0.999413	0.000181	0.001012	-0.032994	0.999231	-0.000303	0.008249	-0.037623
0.999941	0.001515	0.001274	-0.000933	0.999951	-0.001837	0.002317	0.000159	0.999931	0.000824	0.000633	-0.002729	0.999408	0.000242	0.001012	-0.032998	0.999231	-0.000303	0.008249	-0.037623
0.999938	0.001516	0.001274	-0.000872	0.999951	-0.001837	0.002317	0.000159	0.999931	0.000824	0.000633	-0.002729	0.999408	0.000242	0.001012	-0.032998	0.999231	-0.000303	0.008249	-0.037623
0.999938	0.001516	0.001274	-0.000872	0.999951	-0.001776	0.002317	0.000154	0.999930	0.000888	0.000631	-0.002787	0.999412	0.000242	0.001073	-0.033003	0.999231	-0.000303	0.008249	-0.037623
****************************** MARCA-10 ******************************
0.999941	0.001576	0.001271	-0.000934	0.999946	-0.001715	0.002256	0.000149	0.999930	0.000888	0.000631	-0.002787	0.999417	0.000186	0.001078	-0.032938	0.999232	-0.000243	0.008188	-0.037620
0.999941	0.001576	0.001271	-0.000934	0.999951	-0.001715	0.002317	0.000149	0.999930	0.000888	0.000631	-0.002787	0.999421	0.000186	0.001138	-0.032943	0.999232	-0.000243	0.008188	-0.037620
0.999938	0.001577	0.001271	-0.000873	0.999951	-0.001654	0.002318	0.000143	0.999930	0.000888	0.000631	-0.002787	0.999416	0.000247	0.001138	-0.032947	0.999232	-0.000243	0.008188	-0.037620
****************************** MARCA-11 ******************************
0.999941	0.001637	0.001268	-0.000934	0.999946	-0.001654	0.002257	0.000143	0.999930	0.000888	0.000631	-0.002787	0.999422	0.000182	0.001134	-0.033003	0.999232	-0.000243	0.008188	-0.037620
0.999941	0.001637	0.001268	-0.000934	0.999946	-0.001654	0.002257	0.000143	0.999932	0.000827	0.000631	-0.002790	0.999422	0.000182	0.001134	-0.033003	0.999232	-0.000243	0.008188	-0.037620
0.999941	0.001637	0.001268	-0.000934	0.999951	-0.001593	0.002318	0.000138	0.999931	0.000891	0.000629	-0.002848	0.999412	0.000242	0.001073	-0.033003	0.999235	-0.000304	0.008127	-0.037621
****************************** MARCA-12 ******************************
0.999941	0.001637	0.001268	-0.000934	0.999951	-0.001593	0.002318	0.000138	0.999933	0.000831	0.000630	-0.002851	0.999412	0.000242	0.001073	-0.033003	0.999234	-0.000243	0.008127	-0.037619
0.999941	0.001698	0.001266	-0.000935	0.999951	-0.001593	0.002318	0.000138	0.999933	0.000831	0.000630	-0.002851	0.999417	0.000181	0.001073	-0.032999	0.999234	-0.000243	0.008127	-0.037619
0.999941	0.001698	0.001266	-0.000935	0.999951	-0.001593	0.002318	0.000138	0.999931	0.000891	0.000629	-0.002848	0.999417	0.000181	0.001073	-0.032999	0.999234	-0.000243	0.008127	-0.037619
0.999941	0.001698	0.001266	-0.000935	0.999947	-0.001527	0.002257	0.000194	0.999931	0.000891	0.000629	-0.002848	0.999422	0.000182	0.001134	-0.033003	0.999233	-0.000180	0.008126	-0.037678
0.999941	0.001698	0.001266	-0.000935	0.999952	-0.001527	0.002318	0.000194	0.999931	0.000891	0.000629	-0.002848	0.999412	0.000242	0.001073	-0.033003	0.999233	-0.000182	0.008127	-0.037617
****************************** MARCA-13 ******************************
0.999941	0.001759	0.001263	-0.000936	0.999952	-0.001466	0.002319	0.000188	0.999931	0.000891	0.000629	-0.002848	0.999412	0.000242	0.001073	-0.033003	0.999233	-0.000180	0.008126	-0.037678
0.999941	0.001759	0.001263	-0.000936	0.999946	-0.001471	0.002258	0.000128	0.999931	0.000891	0.000629	-0.002848	0.999412	0.000242	0.001073	-0.033003	0.999235	-0.000180	0.008065	-0.037676
0.999941	0.001759	0.001263	-0.000936	0.999952	-0.001466	0.002319	0.000188	0.999932	0.000895	0.000627	-0.002909	0.999408	0.000303	0.001072	-0.033007	0.999233	-0.000180	0.008126	-0.037678
0.999941	0.001698	0.001266	-0.000935	0.999952	-0.001466	0.002319	0.000188	0.999932	0.000895	0.000627	-0.002909	0.999408	0.000303	0.001072	-0.033007	0.999235	-0.000180	0.008065	-0.037676
****************************** MARCA-14 ******************************
0.999941	0.001701	0.001326	-0.000935	0.999952	-0.001466	0.002319	0.000188	0.999932	0.000895	0.000627	-0.002909	0.999408	0.000303	0.001072	-0.033007	0.999235	-0.000178	0.008063	-0.037737
0.999944	0.001698	0.001266	-0.000996	0.999952	-0.001466	0.002319	0.000188	0.999932	0.000895	0.000627	-0.002909	0.999408	0.000303	0.001072	-0.033007	0.999235	-0.000178	0.008063	-0.037737
0.999944	0.001698	0.001266	-0.000996	0.999952	-0.001406	0.002319	0.000183	0.999932	0.000895	0.000627	-0.002909	0.999412	0.000308	0.001138	-0.032951	0.999235	-0.000178	0.008063	-0.037737
0.999944	0.001698	0.001266	-0.000996	0.999952	-0.001406	0.002319	0.000183	0.999933	0.000955	0.000565	-0.002904	0.999416	0.000247	0.001138	-0.032947	0.999235	-0.000178	0.008063	-0.037737
****************************** MARCA-15 ******************************
0.999941	0.001701	0.001326	-0.000935	0.999947	-0.001405	0.002258	0.000183	0.999930	0.000956	0.000626	-0.002906	0.999416	0.000247	0.001138	-0.032947	0.999237	-0.000179	0.008002	-0.037736
0.999944	0.001759	0.001263	-0.000997	0.999952	-0.001406	0.002319	0.000183	0.999931	0.001016	0.000564	-0.002901	0.999412	0.000308	0.001138	-0.032951	0.999236	-0.000118	0.008002	-0.037734
0.999944	0.001759	0.001263	-0.000997	0.999952	-0.001406	0.002319	0.000183	0.999928	0.001017	0.000625	-0.002902	0.999416	0.000247	0.001138	-0.032947	0.999236	-0.000118	0.008002	-0.037734
0.999941	0.001759	0.001263	-0.000936	0.999947	-0.001405	0.002258	0.000183	0.999926	0.001077	0.000624	-0.002899	0.999412	0.000308	0.001138	-0.032951	0.999236	-0.000118	0.008002	-0.037734
0.999941	0.001820	0.001260	-0.000936	0.999947	-0.001405	0.002258	0.000183	0.999926	0.001077	0.000624	-0.002899	0.999412	0.000246	0.001077	-0.032942	0.999234	-0.000117	0.008063	-0.037735
0.999944	0.001820	0.001260	-0.000997	0.999947	-0.001345	0.002258	0.000178	0.999929	0.001077	0.000563	-0.002897	0.999416	0.000247	0.001138	-0.032947	0.999236	-0.000118	0.008002	-0.037734
0.999944	0.001820	0.001260	-0.000997	0.999947	-0.001345	0.002258	0.000178	0.999927	0.001138	0.000563	-0.002894	0.999416	0.000247	0.001138	-0.032947	0.999236	-0.000116	0.008001	-0.037795
0.999943	0.001817	0.001199	-0.000997	0.999947	-0.001345	0.002258	0.000178	0.999927	0.001138	0.000563	-0.002894	0.999416	0.000247	0.001138	-0.032947	0.999236	-0.000116	0.008001	-0.037795
0.999941	0.001820	0.001260	-0.000936	0.999947	-0.001345	0.002258	0.000178	0.999924	0.001138	0.000623	-0.002896	0.999417	0.000242	0.001133	-0.033008	0.999236	-0.000116	0.008001	-0.037795
#******************************COLETA FINALIZADA******************************
