#Coleta - 2017-06-26 21:33:24.979000
#Quaternions das seguintes Joints: 
#q_w	q_x	q_y	q_z
#RIGHT WRIST	RIGHT ELBOW	UNILAT TORSO	LEFT ELBOW	LEFT WRIST
#*#*#*#*#*#*#*#*#*#*#*#*#*#*#*#*#*#*#*#*#*#*#*#*#*#*#*#*#*#*#*#*#*#*#*#* DADOS: ************************************
0.999973	-0.000090	0.000004	0.001220	0.999930	0.000006	0.000121	0.000553	0.999909	0.000853	0.000183	0.003469	0.999618	0.002688	-0.019722	0.016627	0.999786	0.003800	-0.008522	0.016662
0.999973	-0.000151	0.000007	0.001219	0.999937	0.000005	0.000181	0.000553	0.999909	0.000853	0.000183	0.003469	0.999618	0.002688	-0.019722	0.016627	0.999786	0.003795	-0.008461	0.016661
0.999973	-0.000090	0.000004	0.001220	0.999937	0.000005	0.000181	0.000553	0.999910	0.000792	0.000184	0.003466	0.999615	0.002684	-0.019783	0.016630	0.999787	0.003790	-0.008400	0.016659
0.999973	-0.000090	0.000004	0.001220	0.999937	0.000005	0.000181	0.000553	0.999908	0.000850	0.000183	0.003530	0.999615	0.002684	-0.019783	0.016630	0.999793	0.003787	-0.008338	0.016718
0.999973	-0.000090	0.000004	0.001220	0.999937	0.000005	0.000181	0.000553	0.999913	0.000852	0.000122	0.003469	0.999615	0.002684	-0.019783	0.016630	0.999796	0.003716	-0.008221	0.016716
0.999973	-0.000090	0.000004	0.001220	0.999937	0.000005	0.000181	0.000553	0.999912	0.000849	0.000122	0.003530	0.999616	0.002677	-0.019847	0.016573	0.999796	0.003712	-0.008160	0.016714
0.999973	-0.000090	0.000004	0.001220	0.999937	0.000005	0.000181	0.000553	0.999912	0.000849	0.000122	0.003530	0.999616	0.002677	-0.019847	0.016573	0.999797	0.003707	-0.008099	0.016713
0.999973	-0.000090	0.000004	0.001220	0.999937	0.000005	0.000181	0.000553	0.999912	0.000849	0.000122	0.003530	0.999616	0.002677	-0.019847	0.016573	0.999798	0.003702	-0.008038	0.016711
0.999973	-0.000090	0.000004	0.001220	0.999937	0.000005	0.000181	0.000553	0.999912	0.000913	0.000121	0.003473	0.999616	0.002677	-0.019847	0.016573	0.999797	0.003758	-0.007973	0.016709
0.999972	-0.000087	0.000065	0.001220	0.999937	0.000005	0.000181	0.000553	0.999912	0.000913	0.000121	0.003473	0.999620	0.002674	-0.019850	0.016512	0.999798	0.003754	-0.007912	0.016707
0.999969	-0.000089	0.000065	0.001281	0.999937	0.000005	0.000181	0.000553	0.999912	0.000913	0.000121	0.003473	0.999614	0.002731	-0.019915	0.016512	0.999804	0.003745	-0.007789	0.016765
0.999971	-0.000091	0.000004	0.001281	0.999945	0.000005	0.000242	0.000553	0.999915	0.000909	0.000060	0.003534	0.999614	0.002731	-0.019915	0.016512	0.999806	0.003680	-0.007733	0.016764
0.999971	-0.000091	0.000004	0.001281	0.999945	-0.000056	0.000241	0.000560	0.999916	0.000912	0.000060	0.003473	0.999615	0.002684	-0.019783	0.016630	0.999802	0.003679	-0.007734	0.016703
0.999971	-0.000091	0.000004	0.001281	0.999937	0.000005	0.000181	0.000553	0.999915	0.000909	0.000060	0.003534	0.999614	0.002691	-0.019719	0.016688	0.999806	0.003736	-0.007667	0.016762
0.999971	-0.000091	0.000004	0.001281	0.999937	-0.000063	0.000181	0.000499	0.999911	0.000910	0.000121	0.003533	0.999607	0.002755	-0.019720	0.016746	0.999806	0.003731	-0.007606	0.016760
0.999971	-0.000030	0.000002	0.001283	0.999937	-0.000055	0.000181	0.000560	0.999911	0.000910	0.000121	0.003533	0.999607	0.002755	-0.019720	0.016746	0.999808	0.003670	-0.007611	0.016761
0.999971	-0.000091	0.000004	0.001281	0.999937	0.000005	0.000181	0.000553	0.999912	0.000913	0.000121	0.003473	0.999608	0.002748	-0.019784	0.016688	0.999809	0.003666	-0.007550	0.016759
0.999971	-0.000091	0.000004	0.001281	0.999937	0.000005	0.000181	0.000553	0.999911	0.000910	0.000121	0.003533	0.999608	0.002748	-0.019784	0.016688	0.999810	0.003661	-0.007489	0.016758
0.999969	-0.000089	0.000065	0.001281	0.999937	0.000005	0.000181	0.000553	0.999911	0.000910	0.000121	0.003533	0.999608	0.002748	-0.019784	0.016688	0.999815	0.003657	-0.007427	0.016817
0.999969	-0.000089	0.000065	0.001281	0.999937	0.000005	0.000181	0.000553	0.999911	0.000910	0.000121	0.003533	0.999608	0.002748	-0.019784	0.016688	0.999817	0.003596	-0.007431	0.016818
0.999969	-0.000028	0.000062	0.001283	0.999937	0.000005	0.000181	0.000553	0.999911	0.000910	0.000121	0.003533	0.999608	0.002748	-0.019784	0.016688	0.999817	0.003596	-0.007431	0.016818
0.999969	-0.000028	0.000062	0.001283	0.999937	0.000005	0.000181	0.000553	0.999911	0.000910	0.000121	0.003533	0.999608	0.002748	-0.019784	0.016688	0.999817	0.003596	-0.007431	0.016818
0.999969	-0.000028	0.000062	0.001283	0.999937	0.000005	0.000181	0.000553	0.999911	0.000910	0.000121	0.003533	0.999604	0.002751	-0.019781	0.016749	0.999817	0.003592	-0.007371	0.016816
0.999969	-0.000028	0.000062	0.001283	0.999937	0.000005	0.000181	0.000553	0.999911	0.000910	0.000121	0.003533	0.999606	0.002737	-0.019908	0.016634	0.999762	0.003535	-0.007434	0.016884
0.999969	-0.000028	0.000062	0.001283	0.999937	0.000005	0.000181	0.000553	0.999911	0.000910	0.000121	0.003533	0.999604	0.002925	-0.020836	0.016733	0.999764	0.003521	-0.007251	0.016879
0.999969	-0.000028	0.000062	0.001283	0.999930	0.000006	0.000121	0.000553	0.999911	0.000910	0.000121	0.003533	0.999605	0.002918	-0.020900	0.016676	0.999764	0.003521	-0.007251	0.016879
0.999967	-0.000029	0.000062	0.001344	0.999930	0.000006	0.000121	0.000553	0.999911	0.000910	0.000121	0.003533	0.999605	0.002918	-0.020900	0.016676	0.999763	0.003577	-0.007186	0.016877
0.999969	-0.000028	0.000062	0.001283	0.999930	0.000006	0.000121	0.000553	0.999911	0.000910	0.000121	0.003533	0.999605	0.002918	-0.020900	0.016676	0.999763	0.003577	-0.007186	0.016877
0.999969	-0.000028	0.000062	0.001283	0.999930	0.000006	0.000121	0.000553	0.999911	0.000910	0.000121	0.003533	0.999605	0.002918	-0.020900	0.016676	0.999764	0.003572	-0.007125	0.016876
0.999969	-0.000028	0.000062	0.001283	0.999937	0.000005	0.000181	0.000553	0.999911	0.000910	0.000121	0.003533	0.999604	0.002925	-0.020836	0.016733	0.999765	0.003567	-0.007064	0.016874
0.999969	-0.000089	0.000065	0.001281	0.999930	0.000006	0.000121	0.000553	0.999911	0.000910	0.000121	0.003533	0.999607	0.002929	-0.020775	0.016730	0.999765	0.003567	-0.007064	0.016874
0.999969	-0.000089	0.000065	0.001281	0.999930	0.000006	0.000121	0.000553	0.999911	0.000910	0.000121	0.003533	0.999607	0.002929	-0.020775	0.016730	0.999766	0.003563	-0.007003	0.016872
0.999969	-0.000089	0.000065	0.001281	0.999930	0.000066	0.000121	0.000545	0.999911	0.000910	0.000121	0.003533	0.999603	0.002932	-0.020772	0.016791	0.999770	0.003563	-0.007002	0.016933
0.999969	-0.000089	0.000065	0.001281	0.999930	0.000006	0.000121	0.000553	0.999911	0.000910	0.000121	0.003533	0.999600	0.002928	-0.020833	0.016794	0.999775	0.003564	-0.007000	0.016994
0.999969	-0.000028	0.000062	0.001283	0.999930	0.000006	0.000121	0.000553	0.999911	0.000910	0.000121	0.003533	0.999584	0.003207	-0.021105	0.016609	0.999943	0.005564	-0.005152	0.006803
0.999969	-0.000028	0.000062	0.001283	0.999930	0.000006	0.000121	0.000553	0.999911	0.000910	0.000121	0.003533	0.999581	0.003203	-0.021166	0.016613	0.999940	0.002520	-0.005535	0.001034
0.999969	-0.000028	0.000062	0.001283	0.999930	0.000006	0.000121	0.000553	0.999911	0.000910	0.000121	0.003533	0.999577	0.003310	-0.021302	0.016491	0.999945	0.001114	-0.006020	-0.001692
0.999967	-0.000090	0.000065	0.001342	0.999937	-0.000055	0.000181	0.000560	0.999911	0.000910	0.000121	0.003533	0.999580	0.003314	-0.021241	0.016488	0.999944	0.001170	-0.005955	-0.001694
0.999967	-0.000029	0.000062	0.001344	0.999938	0.000013	0.000181	0.000613	0.999911	0.000910	0.000121	0.003533	0.999580	0.003314	-0.021241	0.016488	0.999942	0.001231	-0.005950	-0.001695
0.999967	-0.000090	0.000065	0.001342	0.999930	-0.000047	0.000120	0.000621	0.999915	0.000909	0.000060	0.003534	0.999580	0.003314	-0.021241	0.016488	0.999940	0.001348	-0.005880	-0.001698
0.999967	-0.000090	0.000065	0.001342	0.999930	-0.000047	0.000120	0.000621	0.999911	0.000910	0.000121	0.003533	0.999579	0.003321	-0.021177	0.016546	0.999940	0.001348	-0.005880	-0.001698
0.999968	-0.000032	0.000002	0.001344	0.999930	-0.000047	0.000120	0.000621	0.999911	0.000910	0.000121	0.003533	0.999577	0.003375	-0.021245	0.016485	0.999933	-0.000070	-0.007914	-0.005118
0.999967	-0.000029	0.000062	0.001344	0.999938	-0.000048	0.000181	0.000621	0.999911	0.000910	0.000121	0.003533	0.999095	0.005176	-0.039871	0.009234	0.997898	-0.016190	-0.052293	0.033195
0.999968	-0.000032	0.000002	0.001344	0.999930	-0.000047	0.000120	0.000621	0.999911	0.000910	0.000121	0.003533	0.999505	-0.012028	-0.026073	-0.008990	0.995637	-0.028856	-0.018977	0.086436
0.999967	-0.000029	0.000062	0.001344	0.999938	0.000013	0.000181	0.000613	0.999911	0.000910	0.000121	0.003533	0.999187	-0.003474	-0.038389	-0.006349	0.996988	0.011813	-0.005245	0.075605
0.999968	-0.000093	0.000004	0.001342	0.999938	0.000013	0.000181	0.000613	0.999911	0.000910	0.000121	0.003533	0.999047	0.004071	-0.041486	-0.003264	0.997552	0.010461	-0.005425	0.068173
0.999967	-0.000029	0.000062	0.001344	0.999938	0.000013	0.000181	0.000613	0.999915	0.000909	0.000060	0.003534	0.999188	0.001494	-0.038291	-0.002800	0.997714	0.009362	-0.006545	0.066121
0.999968	-0.000032	0.000002	0.001344	0.999938	0.000013	0.000181	0.000613	0.999915	0.000909	0.000060	0.003534	0.999177	0.002957	-0.039368	-0.002757	0.997726	0.009115	-0.006501	0.066184
0.999968	-0.000032	0.000002	0.001344	0.999938	0.000013	0.000181	0.000613	0.999915	0.000909	0.000060	0.003534	0.999153	0.002297	-0.039195	-0.002673	0.997732	0.008928	-0.006454	0.066184
0.999967	-0.000029	0.000062	0.001344	0.999930	0.000013	0.000121	0.000613	0.999911	0.000910	0.000121	0.003533	0.999147	0.002418	-0.039203	-0.002680	0.997738	0.008685	-0.006473	0.066187
0.999967	-0.000029	0.000062	0.001344	0.999930	0.000013	0.000121	0.000613	0.999915	0.000909	0.000060	0.003534	0.999083	0.005174	-0.041731	-0.002998	0.997842	0.008498	-0.005927	0.064208
0.999967	-0.000029	0.000062	0.001344	0.999930	0.000013	0.000121	0.000613	0.999915	0.000909	0.000060	0.003534	0.999211	0.004514	-0.038925	-0.000464	0.998094	0.008526	-0.006821	0.060476
0.999967	-0.000029	0.000062	0.001344	0.999930	0.000074	0.000121	0.000606	0.999915	0.000909	0.000060	0.003534	0.999315	0.003142	-0.034551	0.004168	0.999031	0.013309	-0.009859	0.040519
0.999967	0.000032	0.000060	0.001345	0.999930	0.000013	0.000121	0.000613	0.999915	0.000909	0.000060	0.003534	0.999552	-0.003950	-0.024839	0.013419	0.996539	0.062016	0.019496	0.051524
0.999967	-0.000029	0.000062	0.001344	0.999930	0.000013	0.000121	0.000613	0.999915	0.000909	0.000060	0.003534	0.999454	-0.000144	-0.030645	0.010334	0.982541	0.161420	0.090750	0.015455
0.999968	-0.000032	0.000002	0.001344	0.999930	0.000013	0.000121	0.000613	0.999915	0.000970	0.000059	0.003537	0.999384	0.000475	-0.031995	0.009877	0.974419	0.177763	0.137111	-0.006268
0.999967	-0.000029	0.000062	0.001344	0.999930	0.000013	0.000121	0.000613	0.999915	0.000970	0.000059	0.003537	0.999373	0.002431	-0.032870	0.009701	0.969507	0.108772	0.219295	0.007064
0.999967	-0.000029	0.000062	0.001344	0.999938	0.000013	0.000181	0.000613	0.999916	0.000973	0.000059	0.003476	0.999495	-0.006555	-0.027059	0.010963	0.960720	0.033959	0.271576	0.044628
0.999967	-0.000029	0.000062	0.001344	0.999938	0.000013	0.000181	0.000613	0.999916	0.000973	0.000059	0.003476	0.999432	-0.000946	-0.032154	0.007384	0.933693	0.002142	0.352526	0.061796
0.999967	-0.000029	0.000062	0.001344	0.999938	-0.000048	0.000181	0.000621	0.999912	0.000974	0.000120	0.003476	0.999126	0.002462	-0.040531	0.004868	0.897108	-0.016121	0.434973	0.075264
0.999968	-0.000032	0.000002	0.001344	0.999930	-0.000047	0.000120	0.000621	0.999912	0.000974	0.000120	0.003476	0.999323	-0.002104	-0.034426	0.004548	0.870191	-0.024108	0.484081	0.087985
0.999968	-0.000032	0.000002	0.001344	0.999938	-0.000048	0.000181	0.000621	0.999916	0.000973	0.000059	0.003476	0.999331	-0.000525	-0.034368	0.004160	0.839558	-0.032076	0.529547	0.116703
0.999968	-0.000032	0.000002	0.001344	0.999938	-0.000048	0.000181	0.000621	0.999916	0.000973	0.000059	0.003476	0.999391	-0.002728	-0.033713	0.004547	0.810924	-0.040226	0.569554	0.127650
0.999968	0.000029	-0.000001	0.001345	0.999938	-0.000048	0.000181	0.000621	0.999916	0.000973	0.000059	0.003476	0.999343	-0.001874	-0.033767	0.004565	0.789208	-0.045254	0.600690	0.118781
0.999968	0.000029	-0.000001	0.001345	0.999939	-0.000040	0.000181	0.000681	0.999912	0.000974	0.000120	0.003476	0.999299	-0.000951	-0.035888	0.003828	0.775761	-0.052235	0.619237	0.108952
0.999968	0.000029	-0.000001	0.001345	0.999939	0.000020	0.000181	0.000674	0.999912	0.000913	0.000121	0.003473	0.999162	0.000440	-0.039258	0.003188	0.770575	-0.059959	0.625277	0.107210
0.999968	0.000029	-0.000001	0.001345	0.999939	0.000020	0.000181	0.000674	0.999912	0.000913	0.000121	0.003473	0.999110	0.001091	-0.040179	0.002771	0.768836	-0.063091	0.628357	0.099771
0.999968	0.000029	-0.000001	0.001345	0.999938	0.000013	0.000181	0.000613	0.999912	0.000913	0.000121	0.003473	0.998984	0.005353	-0.043397	0.001673	0.768245	-0.064440	0.629719	0.094593
0.999966	0.000028	-0.000001	0.001406	0.999930	0.000013	0.000121	0.000613	0.999912	0.000913	0.000121	0.003473	0.998978	0.005514	-0.043601	0.001491	0.766233	-0.070647	0.632003	0.091460
0.999966	0.000028	-0.000001	0.001406	0.999938	0.000013	0.000181	0.000613	0.999912	0.000913	0.000121	0.003473	0.998906	0.006393	-0.045757	0.001186	0.754987	-0.093543	0.640936	0.101691
0.999968	0.000029	-0.000001	0.001345	0.999939	0.000020	0.000181	0.000674	0.999912	0.000913	0.000121	0.003473	0.998840	0.006589	-0.047190	0.000939	0.740126	-0.096191	0.660233	0.083568
0.999966	0.000028	-0.000001	0.001406	0.999939	0.000020	0.000181	0.000674	0.999912	0.000913	0.000121	0.003473	0.998988	0.003779	-0.043913	0.001534	0.727921	-0.095290	0.677099	0.049826
0.999966	0.000028	-0.000001	0.001406	0.999931	0.000021	0.000121	0.000674	0.999913	0.000852	0.000122	0.003469	0.999373	-0.005352	-0.033079	0.002743	0.717901	-0.103236	0.687367	0.037020
0.999966	-0.000033	0.000002	0.001405	0.999930	0.000013	0.000121	0.000613	0.999913	0.000852	0.000122	0.003469	0.999494	-0.007804	-0.028911	0.003210	0.721616	-0.098450	0.684427	0.031667
0.999966	0.000028	-0.000001	0.001406	0.999930	0.000013	0.000121	0.000613	0.999913	0.000852	0.000122	0.003469	0.999489	-0.006085	-0.030339	0.002707	0.723296	-0.098501	0.682440	0.036306
0.999966	0.000028	-0.000001	0.001406	0.999930	0.000013	0.000121	0.000613	0.999913	0.000852	0.000122	0.003469	0.999437	-0.002841	-0.032039	0.002445	0.718811	-0.095495	0.687484	0.037891
0.999966	-0.000033	0.000002	0.001405	0.999930	0.000013	0.000121	0.000613	0.999913	0.000852	0.000122	0.003469	0.999425	-0.005886	-0.031136	0.002918	0.712686	-0.088770	0.695185	0.028525
0.999966	-0.000033	0.000002	0.001405	0.999930	-0.000047	0.000120	0.000621	0.999913	0.000852	0.000122	0.003469	0.999434	-0.002755	-0.031790	0.002611	0.710016	-0.084709	0.698762	0.018482
0.999966	-0.000033	0.000002	0.001405	0.999938	-0.000048	0.000181	0.000621	0.999913	0.000852	0.000122	0.003469	0.999417	-0.005229	-0.032287	0.001656	0.719414	-0.077909	0.690039	-0.010088
0.999964	-0.000031	0.000062	0.001405	0.999930	-0.000047	0.000120	0.000621	0.999913	0.000852	0.000122	0.003469	0.998909	0.000939	-0.045080	-0.006977	0.731359	-0.074437	0.672485	-0.084821
0.999964	-0.000031	0.000062	0.001405	0.999930	-0.000047	0.000120	0.000621	0.999913	0.000791	0.000123	0.003466	0.998519	0.000288	-0.045933	-0.026981	0.819440	-0.060947	0.553319	-0.136148
0.999964	-0.000031	0.000062	0.001405	0.999930	-0.000047	0.000120	0.000621	0.999913	0.000852	0.000122	0.003469	0.998199	-0.014310	-0.025024	-0.052070	0.826013	-0.059067	0.532946	-0.173324
0.999966	-0.000033	0.000002	0.001405	0.999938	-0.000048	0.000181	0.000621	0.999913	0.000852	0.000122	0.003469	0.999063	-0.000404	-0.022746	-0.035533	0.796301	-0.054818	0.539920	-0.267113
0.999966	-0.000033	0.000002	0.001405	0.999938	-0.000048	0.000181	0.000621	0.999913	0.000852	0.000122	0.003469	0.998405	0.013849	-0.023342	-0.048221	0.818940	-0.044661	0.490664	-0.294105
0.999966	-0.000033	0.000002	0.001405	0.999938	-0.000048	0.000181	0.000621	0.999916	0.000851	0.000061	0.003469	0.998209	-0.000154	-0.016846	-0.057067	0.824576	-0.048614	0.447640	-0.342491
0.999966	-0.000033	0.000002	0.001405	0.999937	-0.000055	0.000181	0.000560	0.999916	0.000851	0.000061	0.003469	0.998393	-0.000419	-0.017663	-0.052890	0.828961	-0.061906	0.396916	-0.389117
0.999966	0.000028	-0.000001	0.001406	0.999938	-0.000048	0.000181	0.000621	0.999916	0.000851	0.000061	0.003469	0.999408	-0.002782	-0.011801	-0.030623	0.812986	-0.069212	0.369084	-0.445011
0.999963	-0.000035	0.000002	0.001466	0.999938	-0.000048	0.000181	0.000621	0.999913	0.000791	0.000123	0.003466	0.999869	-0.000975	-0.006899	-0.011374	0.831345	-0.077890	0.300780	-0.460777
0.999963	-0.000035	0.000002	0.001466	0.999930	-0.000047	0.000120	0.000621	0.999913	0.000791	0.000123	0.003466	0.999930	-0.001400	0.002335	-0.004100	0.871912	-0.102717	0.178944	-0.444023
0.999964	0.000024	-0.000062	0.001467	0.999930	-0.000047	0.000120	0.000621	0.999917	0.000794	0.000061	0.003405	0.999888	-0.009793	0.009149	0.001729	0.904088	-0.181707	0.053950	-0.382868
0.999964	-0.000037	-0.000059	0.001466	0.999930	0.000013	0.000121	0.000613	0.999917	0.000855	0.000061	0.003408	0.999591	-0.016590	0.017502	0.009467	0.914169	-0.157958	-0.026752	-0.372304
0.999964	-0.000037	-0.000059	0.001466	0.999938	0.000013	0.000181	0.000613	0.999917	0.000794	0.000061	0.003405	0.999640	-0.009671	0.010745	0.019409	0.920907	-0.176391	-0.028990	-0.346259
0.999964	-0.000037	-0.000059	0.001466	0.999938	0.000013	0.000181	0.000613	0.999917	0.000855	0.000061	0.003408	0.999704	0.001546	0.010893	0.019027	0.910020	-0.298476	0.009267	-0.287488
0.999964	-0.000037	-0.000059	0.001466	0.999938	0.000013	0.000181	0.000613	0.999914	0.000795	0.000122	0.003405	0.999760	-0.001019	0.013350	0.014677	0.906567	-0.349684	0.011111	-0.236040
0.999964	-0.000037	-0.000059	0.001466	0.999945	0.000012	0.000242	0.000613	0.999914	0.000795	0.000122	0.003405	0.999755	-0.001710	0.012170	0.013485	0.922495	-0.323347	-0.006496	-0.210686
0.999964	-0.000098	-0.000057	0.001464	0.999945	0.000012	0.000242	0.000613	0.999914	0.000795	0.000122	0.003405	0.999820	-0.000793	0.011012	0.013687	0.932848	-0.307056	-0.015193	-0.187824
0.999964	-0.000098	-0.000057	0.001464	0.999945	-0.000048	0.000241	0.000621	0.999914	0.000734	0.000123	0.003402	0.999721	0.017724	0.002672	0.013798	0.971626	-0.156377	-0.047499	-0.170745
0.999964	-0.000098	-0.000057	0.001464	0.999945	0.000012	0.000242	0.000613	0.999914	0.000734	0.000123	0.003402	0.999454	0.029136	0.001814	0.012884	0.983960	0.033853	-0.029512	-0.172354
0.999964	-0.000098	-0.000057	0.001464	0.999953	0.000012	0.000302	0.000613	0.999914	0.000734	0.000123	0.003402	0.999501	0.026447	0.002101	0.012639	0.985067	0.007055	-0.045141	-0.166002
0.999964	-0.000098	-0.000057	0.001464	0.999945	0.000005	0.000242	0.000553	0.999915	0.000737	0.000123	0.003341	0.999523	0.026087	0.002186	0.012654	0.985695	0.021053	-0.032324	-0.163986
0.999964	-0.000098	-0.000057	0.001464	0.999952	-0.000056	0.000302	0.000560	0.999912	0.000738	0.000184	0.003340	0.999567	0.025301	0.002300	0.012691	0.985871	0.017002	-0.034320	-0.162733
0.999964	-0.000098	-0.000057	0.001464	0.999952	-0.000056	0.000302	0.000560	0.999912	0.000738	0.000184	0.003340	0.999547	0.024573	0.002412	0.012720	0.986189	0.016782	-0.032712	-0.161326
0.999964	-0.000098	-0.000057	0.001464	0.999952	-0.000056	0.000302	0.000560	0.999912	0.000738	0.000184	0.003340	0.999636	0.021168	0.004658	0.013884	0.985708	0.007815	-0.033915	-0.164820
0.999963	-0.000096	0.000004	0.001464	0.999953	-0.000110	0.000301	0.000628	0.999912	0.000738	0.000184	0.003340	0.999335	0.027937	0.007283	0.019705	0.982759	0.005593	-0.031919	-0.181947
0.999963	-0.000157	0.000007	0.001463	0.999953	-0.000049	0.000302	0.000621	0.999912	0.000738	0.000184	0.003340	0.997480	0.065153	0.006164	0.024150	0.979282	0.004520	-0.027717	-0.200331
0.999960	-0.000158	0.000007	0.001524	0.999892	-0.000049	0.000309	0.000621	0.999911	0.000799	0.000183	0.003344	0.996512	0.077866	0.003127	0.028328	0.974742	0.004360	-0.024306	-0.221747
0.999960	-0.000158	0.000007	0.001524	0.999945	-0.000048	0.000241	0.000621	0.999912	0.000738	0.000184	0.003340	0.995333	0.089507	-0.002148	0.033888	0.969188	0.005646	-0.025955	-0.244687
0.999960	-0.000158	0.000007	0.001524	0.999945	-0.000048	0.000241	0.000621	0.999912	0.000738	0.000184	0.003340	0.994702	0.098162	-0.010107	0.026956	0.964073	0.000490	-0.027523	-0.264091
0.999960	-0.000158	0.000007	0.001524	0.999945	-0.000109	0.000241	0.000628	0.999912	0.000738	0.000184	0.003340	0.993246	0.112275	-0.017005	0.020682	0.955836	0.006802	-0.030171	-0.292191
0.999962	-0.000161	-0.000054	0.001524	0.999945	-0.000109	0.000241	0.000628	0.999912	0.000738	0.000184	0.003340	0.994606	0.098555	-0.018726	0.024371	0.936366	0.007919	-0.024109	-0.350083
0.999962	-0.000161	-0.000054	0.001524	0.999945	-0.000048	0.000241	0.000621	0.999912	0.000738	0.000184	0.003340	0.995447	0.088593	-0.016936	0.029128	0.907035	0.008188	-0.004481	-0.420847
0.999964	-0.000159	-0.000054	0.001463	0.999945	-0.000048	0.000241	0.000621	0.999912	0.000738	0.000184	0.003340	0.995956	0.079454	-0.015193	0.037257	0.866958	0.000140	-0.012777	-0.498163
0.999962	-0.000161	-0.000054	0.001524	0.999945	-0.000048	0.000241	0.000621	0.999912	0.000738	0.000184	0.003340	0.995846	0.078912	-0.021172	0.039427	0.845420	-0.008341	-0.015121	-0.533818
0.999962	-0.000161	-0.000054	0.001524	0.999945	-0.000048	0.000241	0.000621	0.999913	0.000741	0.000184	0.003280	0.994741	0.092872	-0.020932	0.036126	0.823712	-0.009375	-0.018347	-0.566653
0.999962	-0.000161	-0.000054	0.001524	0.999938	-0.000048	0.000181	0.000621	0.999913	0.000741	0.000184	0.003280	0.996071	0.076310	-0.023819	0.036091	0.796762	-0.018218	-0.025946	-0.603466
0.999962	-0.000161	-0.000054	0.001524	0.999938	-0.000048	0.000181	0.000621	0.999913	0.000741	0.000184	0.003280	0.996518	0.062196	-0.023539	0.049755	0.776549	-0.016109	-0.023812	-0.629429
0.999962	-0.000161	-0.000054	0.001524	0.999938	-0.000108	0.000180	0.000628	0.999913	0.000741	0.000184	0.003280	0.996105	0.049555	-0.053704	0.048615	0.760714	-0.015106	-0.013501	-0.648760
0.999962	-0.000161	-0.000054	0.001524	0.999938	-0.000108	0.000180	0.000628	0.999913	0.000741	0.000184	0.003280	0.992676	0.090095	-0.074110	0.029258	0.759313	-0.026572	-0.020332	-0.649801
0.999962	-0.000161	-0.000054	0.001524	0.999938	-0.000108	0.000180	0.000628	0.999913	0.000680	0.000185	0.003276	0.980714	0.179523	-0.075999	0.008922	0.765476	-0.025073	-0.018276	-0.642753
0.999962	-0.000161	-0.000054	0.001524	0.999938	-0.000108	0.000180	0.000628	0.999913	0.000741	0.000184	0.003280	0.970444	0.229085	-0.074853	-0.002589	0.777289	-0.024724	-0.018089	-0.628422
0.999962	-0.000222	-0.000052	0.001522	0.999930	-0.000108	0.000120	0.000628	0.999913	0.000741	0.000184	0.003280	0.969493	0.233138	-0.074216	-0.008470	0.784183	-0.022337	-0.019117	-0.619831
0.999962	-0.000222	-0.000052	0.001522	0.999938	-0.000108	0.000180	0.000628	0.999913	0.000741	0.000184	0.003280	0.968343	0.237896	-0.073912	-0.009414	0.789111	-0.022987	-0.017537	-0.613568
0.999962	-0.000222	-0.000052	0.001522	0.999938	-0.000108	0.000180	0.000628	0.999914	0.000745	0.000184	0.003219	0.967506	0.241631	-0.073323	-0.009443	0.792198	-0.024005	-0.017734	-0.609562
0.999962	-0.000222	-0.000052	0.001522	0.999938	-0.000108	0.000180	0.000628	0.999914	0.000745	0.000184	0.003219	0.965083	0.250899	-0.073957	-0.012060	0.796144	-0.020264	-0.019630	-0.604474
0.999962	-0.000222	-0.000052	0.001522	0.999938	-0.000048	0.000181	0.000621	0.999914	0.000745	0.000184	0.003219	0.955002	0.287018	-0.072276	-0.017393	0.800567	-0.018126	-0.021084	-0.598557
0.999962	-0.000222	-0.000052	0.001522	0.999938	-0.000048	0.000181	0.000621	0.999914	0.000745	0.000184	0.003219	0.949482	0.304639	-0.071286	-0.021150	0.805630	-0.016528	-0.022317	-0.591709
0.999962	-0.000222	-0.000052	0.001522	0.999938	-0.000108	0.000180	0.000628	0.999914	0.000745	0.000184	0.003219	0.943237	0.323865	-0.069907	-0.019598	0.807037	-0.015552	-0.022272	-0.589809
0.999960	-0.000219	0.000009	0.001522	0.999938	-0.000048	0.000181	0.000621	0.999914	0.000745	0.000184	0.003219	0.943504	0.321841	-0.074754	-0.021987	0.810800	-0.015402	-0.022114	-0.584655
0.999960	-0.000219	0.000009	0.001522	0.999938	-0.000048	0.000181	0.000621	0.999914	0.000745	0.000184	0.003219	0.927149	0.360670	-0.093631	-0.037233	0.820944	-0.016367	-0.020539	-0.570398
0.999960	-0.000219	0.000009	0.001522	0.999938	-0.000048	0.000181	0.000621	0.999914	0.000745	0.000184	0.003219	0.926474	0.364105	-0.085392	-0.040147	0.823803	-0.013297	-0.021396	-0.566287
0.999960	-0.000219	0.000009	0.001522	0.999930	-0.000047	0.000120	0.000621	0.999914	0.000745	0.000184	0.003219	0.931087	0.353115	-0.081823	-0.040148	0.830900	-0.012726	-0.021539	-0.555813
0.999958	-0.000221	0.000009	0.001583	0.999938	-0.000108	0.000180	0.000628	0.999914	0.000745	0.000184	0.003219	0.925859	0.365151	-0.086148	-0.043329	0.835627	-0.009542	-0.023558	-0.548693
0.999958	-0.000160	0.000007	0.001585	0.999938	-0.000108	0.000180	0.000628	0.999914	0.000745	0.000184	0.003219	0.924476	0.368499	-0.086308	-0.044624	0.835261	-0.002803	-0.026170	-0.549172
0.999958	-0.000221	0.000009	0.001583	0.999938	-0.000108	0.000180	0.000628	0.999914	0.000745	0.000184	0.003219	0.919507	0.380137	-0.087728	-0.046447	0.836664	-0.000637	-0.024866	-0.547136
0.999958	-0.000221	0.000009	0.001583	0.999938	-0.000108	0.000180	0.000628	0.999914	0.000745	0.000184	0.003219	0.915586	0.389503	-0.087267	-0.047019	0.836704	-0.000760	-0.027995	-0.546935
0.999958	-0.000221	0.000009	0.001583	0.999938	-0.000108	0.000180	0.000628	0.999914	0.000745	0.000184	0.003219	0.914483	0.392216	-0.087030	-0.047119	0.836761	-0.000398	-0.027905	-0.546885
0.999958	-0.000160	0.000007	0.001585	0.999930	-0.000108	0.000120	0.000628	0.999914	0.000745	0.000184	0.003219	0.913382	0.394786	-0.087034	-0.047321	0.836755	0.000024	-0.027810	-0.546831
0.999958	-0.000160	0.000007	0.001585	0.999938	-0.000108	0.000180	0.000628	0.999911	0.000685	0.000246	0.003215	0.912289	0.397180	-0.086962	-0.047456	0.836815	0.000265	-0.027729	-0.546779
0.999958	-0.000221	0.000009	0.001583	0.999938	-0.000108	0.000180	0.000628	0.999911	0.000685	0.000246	0.003215	0.911255	0.399567	-0.087018	-0.047642	0.836880	0.000507	-0.027647	-0.546667
0.999958	-0.000221	0.000009	0.001583	0.999930	-0.000108	0.000120	0.000628	0.999910	0.000746	0.000245	0.003218	0.910437	0.401424	-0.086925	-0.047795	0.836947	0.000683	-0.027509	-0.546555
0.999958	-0.000221	0.000009	0.001583	0.999938	-0.000108	0.000180	0.000628	0.999915	0.000748	0.000183	0.003158	0.906101	0.411226	-0.085927	-0.048505	0.837009	0.000859	-0.027373	-0.546505
0.999959	-0.000223	-0.000052	0.001583	0.999938	-0.000108	0.000180	0.000628	0.999915	0.000748	0.000183	0.003158	0.900198	0.424067	-0.084996	-0.049285	0.837007	0.001159	-0.027287	-0.546449
0.999957	-0.000225	-0.000052	0.001644	0.999938	-0.000108	0.000180	0.000628	0.999915	0.000748	0.000183	0.003158	0.899182	0.426201	-0.085103	-0.049577	0.837356	0.001103	-0.027160	-0.545928
0.999957	-0.000225	-0.000052	0.001644	0.999938	-0.000108	0.000180	0.000628	0.999915	0.000748	0.000183	0.003158	0.896808	0.430896	-0.085829	-0.050363	0.837559	0.001337	-0.026892	-0.545647
0.999957	-0.000225	-0.000052	0.001644	0.999930	-0.000108	0.000120	0.000628	0.999915	0.000748	0.000183	0.003158	0.893759	0.436856	-0.086993	-0.051541	0.838771	0.000470	-0.026070	-0.543852
0.999957	-0.000225	-0.000052	0.001644	0.999923	-0.000107	0.000059	0.000628	0.999915	0.000748	0.000183	0.003158	0.887664	0.448333	-0.090056	-0.053224	0.841742	-0.002597	-0.023471	-0.539332
0.999957	-0.000164	-0.000054	0.001646	0.999930	-0.000108	0.000120	0.000628	0.999915	0.000748	0.000183	0.003158	0.884212	0.455254	-0.088903	-0.053800	0.843621	-0.002226	-0.022412	-0.536447
0.999957	-0.000164	-0.000054	0.001646	0.999930	-0.000108	0.000120	0.000628	0.999918	0.000747	0.000122	0.003158	0.880213	0.462557	-0.090413	-0.054907	0.847336	-0.000392	-0.022532	-0.530506
0.999957	-0.000164	-0.000054	0.001646	0.999930	-0.000108	0.000120	0.000628	0.999919	0.000750	0.000122	0.003097	0.875019	0.471910	-0.091107	-0.056546	0.848684	0.000842	-0.023439	-0.528336
0.999955	-0.000161	0.000007	0.001646	0.999930	-0.000108	0.000120	0.000628	0.999919	0.000750	0.000122	0.003097	0.870345	0.480314	-0.091300	-0.057515	0.849401	0.001974	-0.024983	-0.527141
0.999955	-0.000161	0.000007	0.001646	0.999930	-0.000108	0.000120	0.000628	0.999918	0.000747	0.000122	0.003158	0.866476	0.486924	-0.092221	-0.058671	0.849567	0.003228	-0.026043	-0.526774
0.999957	-0.000164	-0.000054	0.001646	0.999930	-0.000108	0.000120	0.000628	0.999918	0.000808	0.000122	0.003161	0.863402	0.491986	-0.093825	-0.060028	0.851033	0.003030	-0.026567	-0.524421
0.999957	-0.000164	-0.000054	0.001646	0.999930	-0.000108	0.000120	0.000628	0.999915	0.000812	0.000182	0.003100	0.855967	0.504714	-0.093249	-0.061009	0.851654	0.003427	-0.026578	-0.523372
0.999954	-0.000165	-0.000054	0.001707	0.999930	-0.000108	0.000120	0.000628	0.999915	0.000812	0.000182	0.003100	0.853975	0.508004	-0.093515	-0.061477	0.851720	0.003613	-0.026562	-0.523257
0.999954	-0.000104	-0.000057	0.001708	0.999931	-0.000100	0.000120	0.000689	0.999919	0.000811	0.000121	0.003100	0.851786	0.511509	-0.093978	-0.062082	0.852211	0.003635	-0.026545	-0.522438
0.999954	-0.000104	-0.000057	0.001708	0.999939	-0.000101	0.000180	0.000689	0.999919	0.000811	0.000121	0.003100	0.847960	0.517805	-0.093624	-0.062672	0.852903	0.003852	-0.026570	-0.521330
0.999953	-0.000102	0.000004	0.001708	0.999939	-0.000101	0.000180	0.000689	0.999915	0.000873	0.000181	0.003103	0.836843	0.535916	-0.091263	-0.063709	0.853937	0.004526	-0.026731	-0.519576
0.999954	-0.000104	-0.000057	0.001708	0.999939	-0.000161	0.000180	0.000696	0.999915	0.000812	0.000182	0.003100	0.829293	0.547456	-0.090796	-0.064878	0.854775	0.004506	-0.026769	-0.518231
0.999953	-0.000102	0.000004	0.001708	0.999939	-0.000161	0.000180	0.000696	0.999915	0.000812	0.000182	0.003100	0.825933	0.552499	-0.090547	-0.065123	0.854839	0.004621	-0.026638	-0.518180
0.999953	-0.000102	0.000004	0.001708	0.999931	-0.000161	0.000119	0.000696	0.999919	0.000811	0.000121	0.003100	0.824021	0.555431	-0.090156	-0.065112	0.854840	0.004616	-0.026577	-0.518181
0.999951	-0.000099	0.000065	0.001708	0.999931	-0.000100	0.000120	0.000689	0.999919	0.000811	0.000121	0.003100	0.820209	0.560985	-0.090051	-0.065528	0.854913	0.004549	-0.026457	-0.518067
0.999951	-0.000099	0.000065	0.001708	0.999931	-0.000100	0.000120	0.000689	0.999915	0.000812	0.000182	0.003100	0.811201	0.573815	-0.089868	-0.067212	0.854918	0.004545	-0.026395	-0.518007
0.999951	-0.000099	0.000065	0.001708	0.999905	-0.000028	-0.001045	0.000188	0.999915	0.000812	0.000182	0.003100	0.793006	0.599274	-0.085518	-0.067477	0.854988	0.004604	-0.026327	-0.517893
0.999921	-0.000388	-0.002123	0.002189	0.999484	-0.001000	-0.030216	0.000014	0.999915	0.000812	0.000182	0.003100	0.782008	0.613763	-0.083749	-0.067926	0.856805	0.004755	-0.026384	-0.514910
0.999944	0.000181	-0.001414	0.002692	0.999484	-0.001000	-0.030216	0.000014	0.999915	0.000873	0.000181	0.003103	0.775362	0.622203	-0.083262	-0.068267	0.858135	0.005016	-0.026566	-0.512622
0.999940	0.001251	0.001596	0.006812	0.999675	0.000269	-0.020446	0.009016	0.999913	0.000817	0.000243	0.003039	0.771091	0.627425	-0.083057	-0.068825	0.859604	0.005033	-0.026705	-0.510221
0.999932	0.000013	0.000671	0.003238	0.999601	-0.001679	-0.014917	0.019528	0.999913	0.000817	0.000243	0.003039	0.765070	0.634573	-0.083474	-0.069932	0.860382	0.004956	-0.026809	-0.508869
0.999881	0.001897	0.003400	0.008596	0.999098	-0.002945	-0.031409	0.026398	0.999913	0.000756	0.000244	0.003036	0.762932	0.637208	-0.082861	-0.069809	0.860662	0.004846	-0.026810	-0.508460
0.999715	0.001531	0.003229	0.021108	0.999035	-0.000294	-0.028730	0.030128	0.999913	0.000817	0.000243	0.003039	0.761235	0.639391	-0.082168	-0.069455	0.860676	0.004665	-0.026821	-0.508336
0.999533	0.000375	0.004742	0.028772	0.998708	0.001933	-0.031925	0.037421	0.999913	0.000817	0.000243	0.003039	0.759149	0.641887	-0.081854	-0.069306	0.860744	0.004597	-0.026703	-0.508282
0.999618	-0.000598	0.002769	0.025025	0.998656	0.002250	-0.026809	0.042855	0.999913	0.000877	0.000242	0.003042	0.757128	0.644337	-0.081415	-0.069096	0.860744	0.004649	-0.026577	-0.508286
0.999616	0.000996	0.002395	0.026713	0.998566	0.002295	-0.022368	0.046539	0.999913	0.000877	0.000242	0.003042	0.753438	0.648783	-0.080795	-0.069169	0.860812	0.004586	-0.026520	-0.508231
0.999493	0.000854	0.003254	0.029087	0.998181	0.001015	-0.026944	0.052730	0.999913	0.000817	0.000243	0.003039	0.748388	0.654627	-0.080201	-0.069278	0.860823	0.004578	-0.026395	-0.508112
0.999384	0.002442	0.002755	0.033337	0.997637	-0.003778	-0.033748	0.058190	0.999913	0.000817	0.000243	0.003039	0.745028	0.658530	-0.079684	-0.069357	0.860892	0.004510	-0.026277	-0.508059
0.998410	0.002775	0.004125	0.055240	0.997277	-0.003142	-0.045444	0.056458	0.999913	0.000817	0.000243	0.003039	0.741389	0.662874	-0.078410	-0.068719	0.860957	0.004564	-0.026150	-0.508006
0.996956	-0.001096	-0.000997	0.077696	0.996761	0.000200	-0.054635	0.057404	0.999912	0.000874	0.000242	0.003103	0.734692	0.670264	-0.077859	-0.069259	0.861035	0.004497	-0.026029	-0.507831
0.996714	-0.002022	-0.005546	0.080169	0.996170	0.000228	-0.056096	0.065956	0.999912	0.000874	0.000242	0.003103	0.730564	0.674826	-0.077095	-0.069190	0.861391	0.004514	-0.026016	-0.507185
0.996475	-0.002748	-0.006437	0.083380	0.996637	0.002239	-0.049186	0.063855	0.999912	0.000874	0.000242	0.003103	0.729014	0.676512	-0.077139	-0.069376	0.862436	0.004630	-0.026099	-0.505489
0.996147	-0.002124	-0.002500	0.087414	0.997435	0.001777	-0.034652	0.061747	0.999912	0.000874	0.000242	0.003103	0.724613	0.681447	-0.075677	-0.068644	0.863282	0.004856	-0.026114	-0.503964
0.996056	-0.001816	-0.002148	0.087906	0.997456	0.001521	-0.032505	0.061840	0.999912	0.000874	0.000242	0.003103	0.717511	0.689271	-0.073211	-0.067553	0.863627	0.005063	-0.026209	-0.503378
0.996096	-0.001729	-0.001479	0.088032	0.997516	0.001454	-0.031036	0.061908	0.999915	0.000873	0.000181	0.003103	0.715378	0.691604	-0.072633	-0.067291	0.863691	0.005122	-0.026143	-0.503325
0.996088	-0.001537	-0.001243	0.088097	0.997567	0.001380	-0.029629	0.061917	0.999912	0.000874	0.000242	0.003103	0.711821	0.695443	-0.071578	-0.066733	0.864406	0.005079	-0.025938	-0.502037
0.996084	-0.001403	-0.001004	0.088039	0.997567	0.001318	-0.028646	0.061985	0.999912	0.000874	0.000242	0.003103	0.710019	0.697331	-0.071306	-0.066717	0.865533	0.004900	-0.026102	-0.500158
0.996079	-0.001521	-0.000877	0.088097	0.997634	0.001250	-0.027117	0.062054	0.999911	0.000871	0.000242	0.003164	0.702184	0.705878	-0.066984	-0.063907	0.865539	0.004896	-0.026039	-0.500098
0.996076	-0.001462	-0.000880	0.088160	0.997672	0.001250	-0.026322	0.062115	0.999914	0.000870	0.000181	0.003164	0.699540	0.708702	-0.065524	-0.063074	0.865545	0.004887	-0.025916	-0.500041
0.996073	-0.001395	-0.000760	0.088161	0.997664	0.001186	-0.025891	0.062123	0.999914	0.000870	0.000181	0.003164	0.698640	0.709641	-0.064846	-0.062665	0.865607	0.004879	-0.025795	-0.500048
0.996065	-0.001319	-0.000397	0.088163	0.997686	0.001179	-0.025217	0.062124	0.999913	0.000867	0.000182	0.003225	0.696898	0.711568	-0.063624	-0.061960	0.865614	0.004815	-0.025737	-0.499988
0.996058	-0.001251	-0.000217	0.088225	0.997685	0.001109	-0.024234	0.062132	0.999913	0.000867	0.000182	0.003225	0.695219	0.713381	-0.062394	-0.061184	0.865616	0.004805	-0.025616	-0.499992
0.996062	-0.001198	-0.000403	0.088227	0.997723	0.001175	-0.023931	0.062185	0.999912	0.000863	0.000182	0.003286	0.693673	0.715050	-0.061418	-0.060625	0.865688	0.004748	-0.025618	-0.499874
0.996034	-0.000947	-0.001697	0.088170	0.997812	-0.000054	-0.032627	0.055574	0.999912	0.000863	0.000182	0.003286	0.692771	0.715906	-0.060985	-0.060321	0.865904	0.004702	-0.025675	-0.499460
0.994972	-0.001358	-0.003476	0.099664	0.997889	-0.002724	-0.044658	0.046006	0.999916	0.000801	0.000122	0.003283	0.692186	0.716625	-0.060242	-0.059822	0.866116	0.004650	-0.025672	-0.499108
0.994180	-0.000917	-0.004614	0.107340	0.997677	0.000183	-0.054323	0.039931	0.999916	0.000801	0.000122	0.003283	0.691986	0.716970	-0.059172	-0.059049	0.866888	0.004867	-0.025631	-0.497763
0.993712	-0.000188	-0.005267	0.111493	0.997527	0.000918	-0.062235	0.030372	0.999916	0.000801	0.000122	0.003283	0.689009	0.720333	-0.055309	-0.056428	0.867874	0.005048	-0.025767	-0.496000
0.992645	0.000995	-0.005342	0.120703	0.997563	0.004074	-0.066456	0.018296	0.999915	0.000737	0.000123	0.003341	0.686758	0.722718	-0.053522	-0.055380	0.868011	0.005049	-0.025703	-0.495829
0.991318	-0.000016	-0.004536	0.131254	0.996986	0.000201	-0.075526	0.011158	0.999915	0.000798	0.000122	0.003344	0.686313	0.723132	-0.053405	-0.055376	0.868012	0.005044	-0.025642	-0.495830
0.988864	0.003272	-0.006751	0.148337	0.997940	-0.000171	-0.062980	0.006148	0.999914	0.000795	0.000122	0.003405	0.685079	0.724448	-0.052538	-0.054710	0.868011	0.005100	-0.025577	-0.495832
0.986854	0.003401	-0.009492	0.161087	0.998026	-0.001181	-0.061403	0.001106	0.999914	0.000795	0.000122	0.003405	0.684375	0.725139	-0.051980	-0.054392	0.868019	0.004975	-0.025524	-0.495772
0.988118	0.002207	-0.007456	0.153291	0.997949	0.000405	-0.062424	-0.000074	0.999914	0.000795	0.000122	0.003405	0.683667	0.725808	-0.051672	-0.054182	0.869011	0.004837	-0.025503	-0.494071
0.988319	0.002761	-0.008147	0.151846	0.997939	0.003490	-0.063072	-0.005499	0.999913	0.000852	0.000122	0.003469	0.684375	0.725254	-0.051418	-0.054059	0.870205	0.005153	-0.025684	-0.491957
0.988884	-0.000166	-0.007214	0.148134	0.997209	0.009887	-0.071901	-0.012125	0.999913	0.000852	0.000122	0.003469	0.681295	0.728418	-0.048756	-0.052476	0.870272	0.005273	-0.025612	-0.491843
0.989165	-0.000175	-0.005557	0.146374	0.996813	0.015953	-0.074625	-0.017978	0.999913	0.000852	0.000122	0.003469	0.681294	0.728400	-0.048945	-0.052588	0.870348	0.005140	-0.025436	-0.491730
0.987961	-0.000358	-0.005394	0.154384	0.995865	0.037811	-0.077068	-0.026890	0.999913	0.000852	0.000122	0.003469	0.680257	0.729486	-0.048010	-0.051902	0.870350	0.005075	-0.025380	-0.491730
0.986797	0.001126	-0.005301	0.161519	0.996319	0.005736	-0.080384	-0.027406	0.999913	0.000852	0.000122	0.003469	0.679867	0.729856	-0.047821	-0.051711	0.871278	0.004827	-0.025552	-0.490079
0.985675	-0.001019	-0.001569	0.168508	0.994684	0.015160	-0.094424	-0.035320	0.999913	0.000852	0.000122	0.003469	0.678329	0.731458	-0.046271	-0.050809	0.871283	0.004823	-0.025489	-0.490020
0.984751	-0.002417	-0.005625	0.173752	0.994192	0.015281	-0.096885	-0.041971	0.999912	0.000849	0.000122	0.003530	0.678071	0.731709	-0.046083	-0.050665	0.871286	0.004757	-0.025433	-0.490021
0.986086	-0.000129	-0.006486	0.165919	0.994438	0.013052	-0.094907	-0.041944	0.999912	0.000849	0.000122	0.003530	0.677167	0.732644	-0.045465	-0.050252	0.871353	0.004694	-0.025376	-0.489966
0.986641	-0.000150	-0.005922	0.162643	0.995827	0.004612	-0.082120	-0.037102	0.999912	0.000849	0.000122	0.003530	0.676665	0.733052	-0.045348	-0.050312	0.871354	0.004690	-0.025315	-0.489967
0.987437	-0.000760	-0.004472	0.157529	0.996294	0.001951	-0.078144	-0.033456	0.999911	0.000846	0.000122	0.003591	0.676150	0.733606	-0.045044	-0.050145	0.871358	0.004563	-0.025264	-0.489967
0.988090	-0.000290	-0.004232	0.153597	0.996631	-0.000988	-0.075199	-0.030144	0.999911	0.000846	0.000122	0.003591	0.675569	0.734167	-0.044670	-0.049863	0.871365	0.004498	-0.025206	-0.489907
0.988347	0.000304	-0.004191	0.151850	0.996646	-0.001557	-0.075144	-0.029274	0.999914	0.000845	0.000061	0.003591	0.675056	0.734668	-0.044297	-0.049635	0.871435	0.004374	-0.025154	-0.489851
0.988349	0.000488	-0.004199	0.151793	0.996653	-0.001557	-0.075084	-0.029274	0.999913	0.000841	0.000061	0.003652	0.674609	0.735096	-0.044052	-0.049515	0.871435	0.004370	-0.025093	-0.489853
0.988330	0.000450	-0.003586	0.151913	0.996714	-0.001585	-0.074661	-0.028472	0.999913	0.000781	0.000062	0.003649	0.674226	0.735460	-0.043870	-0.049446	0.871442	0.004310	-0.025096	-0.489791
0.988246	0.003075	-0.006207	0.152461	0.996849	-0.000751	-0.074238	-0.026178	0.999917	0.000780	0.000001	0.003649	0.673907	0.735838	-0.043566	-0.049318	0.871445	0.004240	-0.024979	-0.489793
0.988112	-0.000465	-0.007096	0.153227	0.996689	-0.001231	-0.075454	-0.027162	0.999917	0.000780	0.000001	0.003649	0.673455	0.736270	-0.043317	-0.049138	0.871513	0.004120	-0.024988	-0.489736
