Coleta - 2017-06-26 17:00:51.487965
Quaternions das seguintes Joints: 
q_w	q_x	q_y	q_z
RIGHT WRIST	RIGHT ELBOW	UNILAT TORSO	LEFT ELBOW	LEFT WRIST
************************************ DADOS: ************************************
0.999917	0.000130	0.000116	0.000182	0.999883	-0.000050	0.000061	0.000127	0.999921	-0.000007	-0.000057	0.000124	0.999946	0.000248	0.000124	0.000035	0.999957	0.000236	0.000251	0.000428
0.999917	0.000130	0.000116	0.000182	0.999883	0.000011	0.000061	0.000121	0.999921	-0.000007	-0.000057	0.000124	0.999945	0.000252	0.000128	0.000096	0.999957	0.000236	0.000251	0.000428
0.999917	0.000130	0.000116	0.000182	0.999883	0.000011	0.000061	0.000121	0.999921	-0.000007	-0.000057	0.000124	0.999945	0.000252	0.000128	0.000096	0.999957	0.000236	0.000251	0.000428
0.999917	0.000130	0.000116	0.000182	0.999883	0.000011	0.000061	0.000121	0.999921	-0.000007	-0.000057	0.000124	0.999945	0.000252	0.000128	0.000096	0.999957	0.000236	0.000251	0.000428
0.999917	0.000130	0.000116	0.000182	0.999877	0.000011	0.000000	0.000122	0.999921	-0.000007	-0.000057	0.000124	0.999946	0.000248	0.000124	0.000035	0.999957	0.000236	0.000251	0.000428
0.999917	0.000191	0.000113	0.000181	0.999877	0.000011	0.000000	0.000122	0.999921	0.000057	-0.000060	0.000066	0.999946	0.000248	0.000124	0.000035	0.999957	0.000236	0.000251	0.000428
0.999916	0.000188	0.000052	0.000181	0.999878	0.000017	0.000000	0.000182	0.999921	0.000057	-0.000060	0.000066	0.999942	0.000248	0.000063	0.000040	0.999957	0.000236	0.000251	0.000428
0.999916	0.000188	0.000052	0.000181	0.999878	0.000017	0.000000	0.000182	0.999920	0.000054	-0.000058	0.000127	0.999942	0.000248	0.000063	0.000040	0.999957	0.000236	0.000251	0.000428
0.999916	0.000188	0.000052	0.000181	0.999878	0.000017	0.000000	0.000182	0.999921	0.000057	-0.000060	0.000066	0.999942	0.000248	0.000063	0.000040	0.999957	0.000236	0.000251	0.000428
0.999913	0.000189	0.000052	0.000242	0.999878	0.000017	0.000000	0.000182	0.999920	0.000054	-0.000058	0.000127	0.999942	0.000248	0.000063	0.000040	0.999957	0.000236	0.000251	0.000428
0.999913	0.000189	0.000052	0.000242	0.999878	0.000017	0.000000	0.000182	0.999921	0.000057	-0.000060	0.000066	0.999946	0.000191	0.000068	0.000105	0.999957	0.000236	0.000251	0.000428
0.999913	0.000189	0.000052	0.000242	0.999878	0.000017	0.000000	0.000182	0.999921	0.000057	-0.000060	0.000066	0.999946	0.000191	0.000068	0.000105	0.999956	0.000235	0.000252	0.000489
0.999913	0.000189	0.000052	0.000242	0.999878	0.000017	0.000000	0.000182	0.999921	0.000057	-0.000060	0.000066	0.999936	0.000312	0.000067	0.000096	0.999953	0.000175	0.000436	0.000484
0.999913	0.000189	0.000052	0.000242	0.999878	0.000017	0.000000	0.000182	0.999924	0.000056	-0.000121	0.000068	0.999946	0.000187	0.000063	0.000044	0.999952	0.000236	0.000435	0.000485
0.999913	0.000250	0.000049	0.000241	0.999933	0.000017	-0.000066	0.000182	0.999926	-0.000005	-0.000120	0.000065	0.999946	0.000187	0.000063	0.000044	0.999954	0.000235	0.000374	0.000486
0.999913	0.000250	0.000049	0.000241	0.999933	0.000017	-0.000066	0.000182	0.999926	-0.000005	-0.000120	0.000065	0.999946	0.000187	0.000063	0.000044	0.999952	0.000236	0.000435	0.000485
0.999913	0.000189	0.000052	0.000242	0.999933	0.000017	-0.000066	0.000182	0.999926	-0.000005	-0.000120	0.000065	0.999946	0.000187	0.000063	0.000044	0.999952	0.000236	0.000435	0.000485
0.999913	0.000189	0.000052	0.000242	0.999878	0.000017	0.000000	0.000182	0.999926	-0.000005	-0.000120	0.000065	0.999946	0.000187	0.000063	0.000044	0.999952	0.000236	0.000435	0.000485
0.999913	0.000189	0.000052	0.000242	0.999878	0.000017	0.000000	0.000182	0.999926	-0.000005	-0.000120	0.000065	0.999946	0.000187	0.000063	0.000044	0.999954	0.000235	0.000374	0.000486
0.999913	0.000189	0.000052	0.000242	0.999878	0.000017	0.000000	0.000182	0.999923	-0.000004	-0.000059	0.000063	0.999946	0.000187	0.000063	0.000044	0.999954	0.000235	0.000374	0.000486
0.999913	0.000189	0.000052	0.000242	0.999878	0.000017	0.000000	0.000182	0.999926	-0.000005	-0.000120	0.000065	0.999950	0.000187	0.000124	0.000039	0.999954	0.000235	0.000374	0.000486
0.999913	0.000189	0.000052	0.000242	0.999878	0.000078	0.000000	0.000177	0.999924	0.000056	-0.000121	0.000068	0.999950	0.000187	0.000124	0.000039	0.999954	0.000235	0.000374	0.000486
0.999913	0.000189	0.000052	0.000242	0.999878	0.000078	0.000000	0.000177	0.999920	0.000054	-0.000058	0.000127	0.999950	0.000187	0.000124	0.000039	0.999954	0.000235	0.000374	0.000486
0.999913	0.000189	0.000052	0.000242	0.999878	0.000078	0.000000	0.000177	0.999923	0.000052	-0.000119	0.000129	0.999950	0.000192	0.000129	0.000100	0.999955	0.000174	0.000375	0.000485
0.999912	0.000186	-0.000009	0.000242	0.999878	0.000017	0.000000	0.000182	0.999925	-0.000008	-0.000118	0.000126	0.999950	0.000192	0.000129	0.000100	0.999955	0.000174	0.000375	0.000485
0.999912	0.000186	-0.000009	0.000242	0.999878	0.000078	0.000000	0.000177	0.999925	-0.000008	-0.000118	0.000126	0.999950	0.000192	0.000129	0.000100	0.999954	0.000235	0.000374	0.000486
0.999912	0.000186	-0.000009	0.000242	0.999878	0.000078	0.000000	0.000177	0.999923	0.000052	-0.000119	0.000129	0.999946	0.000191	0.000068	0.000105	0.999954	0.000235	0.000374	0.000486
0.999912	0.000186	-0.000009	0.000242	0.999878	0.000078	0.000000	0.000177	0.999923	0.000052	-0.000119	0.000129	0.999950	0.000130	0.000069	0.000109	0.999954	0.000235	0.000374	0.000486
0.999910	0.000186	-0.000009	0.000303	0.999883	0.000138	0.000061	0.000171	0.999923	0.000052	-0.000119	0.000129	0.999950	0.000130	0.000069	0.000109	0.999954	0.000235	0.000374	0.000486
0.999910	0.000186	-0.000009	0.000303	0.999883	0.000138	0.000061	0.000171	0.999923	0.000052	-0.000119	0.000129	0.999950	0.000130	0.000069	0.000109	0.999954	0.000235	0.000374	0.000486
0.999910	0.000186	-0.000009	0.000303	0.999883	0.000138	0.000061	0.000171	0.999923	0.000052	-0.000119	0.000129	0.999947	0.000126	0.000003	0.000053	0.999954	0.000235	0.000374	0.000486
0.999910	0.000186	-0.000009	0.000303	0.999883	0.000138	0.000061	0.000171	0.999925	-0.000008	-0.000118	0.000126	0.999951	0.000126	0.000064	0.000048	0.999954	0.000235	0.000374	0.000486
0.999910	0.000186	-0.000009	0.000303	0.999883	0.000138	0.000061	0.000171	0.999925	-0.000008	-0.000118	0.000126	0.999951	0.000126	0.000064	0.000048	0.999954	0.000235	0.000374	0.000486
0.999910	0.000247	-0.000012	0.000302	0.999883	0.000138	0.000061	0.000171	0.999925	-0.000008	-0.000118	0.000126	0.999951	0.000126	0.000064	0.000048	0.999952	0.000236	0.000435	0.000485
0.999910	0.000186	-0.000009	0.000303	0.999883	0.000138	0.000061	0.000171	0.999921	-0.000007	-0.000057	0.000124	0.999951	0.000126	0.000064	0.000048	0.999954	0.000235	0.000374	0.000486
0.999910	0.000247	-0.000012	0.000302	0.999883	0.000138	0.000061	0.000171	0.999920	0.000054	-0.000058	0.000127	0.999951	0.000126	0.000064	0.000048	0.999954	0.000237	0.000373	0.000425
0.999910	0.000247	-0.000012	0.000302	0.999883	0.000138	0.000061	0.000171	0.999920	0.000054	-0.000058	0.000127	0.999951	0.000126	0.000064	0.000048	0.999952	0.000296	0.000374	0.000488
0.999910	0.000247	-0.000012	0.000302	0.999889	0.000132	0.000122	0.000110	0.999920	0.000054	-0.000058	0.000127	0.999951	0.000126	0.000064	0.000048	0.999952	0.000296	0.000374	0.000488
0.999910	0.000247	-0.000012	0.000302	0.999889	0.000132	0.000122	0.000110	0.999920	0.000054	-0.000058	0.000127	0.999955	0.000065	0.000065	0.000052	0.999954	0.000235	0.000374	0.000486
0.999910	0.000247	-0.000012	0.000302	0.999883	0.000133	0.000061	0.000110	0.999920	0.000054	-0.000058	0.000127	0.999951	0.000065	0.000004	0.000057	0.999954	0.000235	0.000374	0.000486
0.999910	0.000247	-0.000012	0.000302	0.999883	0.000133	0.000061	0.000110	0.999920	0.000054	-0.000058	0.000127	0.999955	0.000065	0.000065	0.000052	0.999955	0.000235	0.000313	0.000487
0.999910	0.000189	0.000052	0.000303	0.999883	0.000133	0.000061	0.000110	0.999920	0.000054	-0.000058	0.000127	0.999952	0.000061	-0.000001	-0.000004	0.999954	0.000235	0.000374	0.000486
0.999907	0.000187	-0.000009	0.000364	0.999883	0.000138	0.000061	0.000171	0.999920	0.000054	-0.000058	0.000127	0.999956	0.000000	0.000000	0.000000	0.999954	0.000235	0.000374	0.000486
0.999907	0.000248	-0.000012	0.000363	0.999883	0.000138	0.000061	0.000171	0.999921	-0.000007	-0.000057	0.000124	0.999956	0.000061	0.000060	-0.000009	0.999954	0.000235	0.000374	0.000486
0.999907	0.000187	-0.000009	0.000364	0.999883	0.000138	0.000061	0.000171	0.999920	0.000054	-0.000058	0.000127	0.999952	0.000061	-0.000001	-0.000004	0.999954	0.000235	0.000374	0.000486
0.999907	0.000248	-0.000012	0.000363	0.999883	0.000138	0.000061	0.000171	0.999920	0.000054	-0.000058	0.000127	0.999952	0.000061	-0.000001	-0.000004	0.999954	0.000235	0.000374	0.000486
0.999907	0.000248	-0.000012	0.000363	0.999883	0.000138	0.000061	0.000171	0.999920	0.000054	-0.000058	0.000127	0.999952	0.000061	-0.000001	-0.000004	0.999953	0.000234	0.000376	0.000547
0.999907	0.000248	-0.000012	0.000363	0.999883	0.000138	0.000061	0.000171	0.999923	0.000052	-0.000119	0.000129	0.999951	0.000122	0.000060	-0.000013	0.999925	0.000480	-0.005577	-0.003846
0.999907	0.000248	-0.000012	0.000363	0.999883	0.000133	0.000061	0.000110	0.999923	0.000052	-0.000119	0.000129	0.999965	0.000782	0.000946	-0.000368	0.998578	-0.018588	-0.045668	0.017592
0.999907	0.000248	-0.000012	0.000363	0.999883	0.000133	0.000061	0.000110	0.999922	0.000049	-0.000117	0.000190	0.999911	-0.003526	0.002618	-0.000755	0.999692	-0.003808	0.007293	0.021687
0.999907	0.000248	-0.000012	0.000363	0.999877	0.000133	0.000001	0.000110	0.999922	0.000049	-0.000117	0.000190	0.999963	-0.003076	0.002993	-0.000567	0.999779	0.002245	-0.001342	0.019128
0.999907	0.000248	-0.000012	0.000363	0.999877	0.000133	0.000001	0.000110	0.999922	0.000049	-0.000117	0.000190	0.999911	-0.003141	0.003058	-0.000568	0.999675	0.004025	-0.016842	0.017220
0.999907	0.000309	-0.000015	0.000362	0.999877	0.000133	0.000001	0.000110	0.999920	0.000110	-0.000118	0.000193	0.999905	-0.003440	0.003555	-0.000524	0.999791	0.002647	-0.006840	0.016073
0.999907	0.000248	-0.000012	0.000363	0.999877	0.000133	0.000001	0.000110	0.999920	0.000110	-0.000118	0.000193	0.999913	-0.003500	0.003617	-0.000524	0.999794	0.002417	-0.004089	0.016195
0.999907	0.000309	-0.000015	0.000362	0.999877	0.000072	0.000000	0.000116	0.999922	0.000049	-0.000117	0.000190	0.999913	-0.003500	0.003617	-0.000524	0.999832	0.002307	-0.002931	0.015987
0.999907	0.000248	-0.000012	0.000363	0.999877	0.000133	0.000001	0.000110	0.999922	0.000049	-0.000117	0.000190	0.999905	-0.003440	0.003555	-0.000524	0.999829	0.002247	-0.002748	0.015981
0.999907	0.000248	-0.000012	0.000363	0.999877	0.000133	0.000001	0.000110	0.999922	0.000049	-0.000117	0.000190	0.999965	-0.003436	0.003551	-0.000523	0.999828	0.002186	-0.002624	0.016039
0.999907	0.000248	-0.000012	0.000363	0.999877	0.000133	0.000001	0.000110	0.999922	0.000049	-0.000117	0.000190	0.999965	-0.003436	0.003551	-0.000523	0.999827	0.002125	-0.002563	0.016036
0.999907	0.000248	-0.000012	0.000363	0.999877	0.000133	0.000001	0.000110	0.999918	0.000050	-0.000056	0.000188	0.999905	-0.003440	0.003555	-0.000524	0.999830	0.002003	-0.002562	0.016033
0.999907	0.000248	-0.000012	0.000363	0.999877	0.000133	0.000001	0.000110	0.999922	0.000049	-0.000117	0.000190	0.999965	-0.003436	0.003551	-0.000523	0.999828	0.002003	-0.002501	0.016032
0.999907	0.000187	-0.000009	0.000364	0.999877	0.000133	0.000001	0.000110	0.999918	0.000050	-0.000056	0.000188	0.999965	-0.003436	0.003551	-0.000523	0.999829	0.001941	-0.002499	0.016092
0.999904	0.000188	-0.000009	0.000425	0.999877	0.000133	0.000001	0.000110	0.999917	0.000111	-0.000057	0.000191	0.999965	-0.003436	0.003551	-0.000523	0.999831	0.001880	-0.002499	0.016090
0.999904	0.000188	-0.000009	0.000425	0.999883	0.000138	0.000061	0.000171	0.999918	0.000050	-0.000056	0.000188	0.999905	-0.003440	0.003555	-0.000524	0.999832	0.001819	-0.002499	0.016089
0.999904	0.000188	-0.000009	0.000425	0.999878	0.000139	0.000001	0.000171	0.999918	0.000050	-0.000056	0.000188	0.999913	-0.003500	0.003617	-0.000524	0.999833	0.001758	-0.002498	0.016088
0.999904	0.000130	0.000054	0.000425	0.999883	0.000138	0.000061	0.000171	0.999918	0.000050	-0.000056	0.000188	0.999913	-0.003500	0.003617	-0.000524	0.999833	0.001758	-0.002498	0.016088
0.999904	0.000127	-0.000007	0.000425	0.999883	0.000138	0.000061	0.000171	0.999918	0.000050	-0.000056	0.000188	0.999913	-0.003500	0.003617	-0.000524	0.999834	0.001697	-0.002498	0.016086
0.999904	0.000127	-0.000007	0.000425	0.999883	0.000138	0.000061	0.000171	0.999918	0.000050	-0.000056	0.000188	0.999909	-0.003501	0.003556	-0.000520	0.999834	0.001635	-0.002435	0.016145
0.999904	0.000127	-0.000007	0.000425	0.999883	0.000138	0.000061	0.000171	0.999922	0.000049	-0.000117	0.000190	0.999909	-0.003501	0.003556	-0.000520	0.999834	0.001635	-0.002435	0.016145
0.999904	0.000188	-0.000009	0.000425	0.999883	0.000138	0.000061	0.000171	0.999918	0.000050	-0.000056	0.000188	0.999909	-0.003501	0.003556	-0.000520	0.999835	0.001574	-0.002435	0.016143
0.999905	0.000191	0.000052	0.000425	0.999883	0.000138	0.000061	0.000171	0.999919	-0.000014	-0.000053	0.000246	0.999905	-0.003440	0.003555	-0.000524	0.999835	0.001574	-0.002435	0.016143
0.999904	0.000188	-0.000009	0.000425	0.999883	0.000138	0.000061	0.000171	0.999917	0.000047	-0.000054	0.000249	0.999905	-0.003440	0.003555	-0.000524	0.999836	0.001452	-0.002373	0.016139
0.999904	0.000188	-0.000009	0.000425	0.999883	0.000138	0.000061	0.000171	0.999917	0.000047	-0.000054	0.000249	0.999909	-0.003440	0.003616	-0.000528	0.999837	0.001451	-0.002433	0.016201
0.999904	0.000188	-0.000009	0.000425	0.999883	0.000138	0.000061	0.000171	0.999917	0.000047	-0.000054	0.000249	0.999909	-0.003501	0.003556	-0.000520	0.999837	0.001390	-0.002372	0.016199
0.999904	0.000188	-0.000009	0.000425	0.999883	0.000138	0.000061	0.000171	0.999917	0.000047	-0.000054	0.000249	0.999909	-0.003501	0.003556	-0.000520	0.999797	0.001213	0.002043	0.017083
0.999904	0.000188	-0.000009	0.000425	0.999883	0.000138	0.000061	0.000171	0.999919	-0.000014	-0.000053	0.000246	0.999905	-0.003440	0.003555	-0.000524	0.999775	0.001225	-0.000124	0.018653
0.999901	0.000189	-0.000009	0.000486	0.999883	0.000199	0.000062	0.000165	0.999919	-0.000014	-0.000053	0.000246	0.999905	-0.003440	0.003555	-0.000524	0.999797	0.001055	-0.000748	0.017929
0.999901	0.000189	-0.000009	0.000486	0.999883	0.000199	0.000062	0.000165	0.999914	0.000048	0.000007	0.000247	0.999909	-0.003501	0.003556	-0.000520	0.999799	0.001057	-0.000811	0.017808
0.999901	0.000189	-0.000009	0.000486	0.999883	0.000138	0.000061	0.000171	0.999917	0.000047	-0.000054	0.000249	0.999905	-0.003440	0.003555	-0.000524	0.999800	0.000996	-0.000811	0.017807
0.999962	0.000189	-0.000010	0.000488	0.999883	0.000193	0.000062	0.000104	0.999914	0.000048	0.000007	0.000247	0.999965	-0.003436	0.003551	-0.000523	0.999800	0.000996	-0.000811	0.017807
0.999962	0.000189	-0.000010	0.000488	0.999889	0.000132	0.000122	0.000110	0.999914	0.000048	0.000007	0.000247	0.999905	-0.003440	0.003555	-0.000524	0.999800	0.000935	-0.000750	0.017804
0.999962	0.000189	-0.000010	0.000488	0.999883	0.000193	0.000062	0.000104	0.999917	0.000047	-0.000054	0.000249	0.999909	-0.003440	0.003616	-0.000528	0.999801	0.000874	-0.000749	0.017803
0.999962	0.000189	-0.000010	0.000488	0.999883	0.000133	0.000061	0.000110	0.999914	0.000048	0.000007	0.000247	0.999909	-0.003440	0.003616	-0.000528	0.999801	0.000874	-0.000749	0.017803
0.999962	0.000189	-0.000010	0.000488	0.999883	0.000138	0.000061	0.000171	0.999917	0.000047	-0.000054	0.000249	0.999905	-0.003440	0.003555	-0.000524	0.999802	0.000813	-0.000749	0.017802
0.999962	0.000189	-0.000010	0.000488	0.999883	0.000138	0.000061	0.000171	0.999912	0.000109	0.000005	0.000250	0.999910	-0.003505	0.003551	-0.000580	0.999802	0.000813	-0.000749	0.017802
0.999962	0.000189	-0.000010	0.000488	0.999883	0.000133	0.000061	0.000110	0.999912	0.000109	0.000005	0.000250	0.999910	-0.003505	0.003551	-0.000580	0.999804	0.000752	-0.000749	0.017800
0.999962	0.000250	-0.000013	0.000488	0.999889	0.000138	0.000122	0.000171	0.999914	0.000048	0.000007	0.000247	0.999910	-0.003505	0.003551	-0.000580	0.999802	0.000753	-0.000688	0.017799
0.999962	0.000250	-0.000013	0.000488	0.999883	0.000138	0.000061	0.000171	0.999914	0.000048	0.000007	0.000247	0.999910	-0.003505	0.003551	-0.000580	0.999802	0.000753	-0.000688	0.017799
0.999962	0.000250	-0.000013	0.000488	0.999883	0.000138	0.000061	0.000171	0.999912	0.000109	0.000005	0.000250	0.999910	-0.003505	0.003551	-0.000580	0.999804	0.000692	-0.000687	0.017798
0.999962	0.000250	-0.000013	0.000488	0.999889	0.000138	0.000122	0.000171	0.999912	0.000109	0.000005	0.000250	0.999910	-0.003505	0.003551	-0.000580	0.999804	0.000692	-0.000687	0.017798
0.999962	0.000250	-0.000013	0.000488	0.999883	0.000138	0.000061	0.000171	0.999912	0.000109	0.000005	0.000250	0.999914	-0.003505	0.003612	-0.000585	0.999805	0.000631	-0.000687	0.017796
0.999962	0.000250	-0.000013	0.000488	0.999883	0.000138	0.000061	0.000171	0.999911	0.000106	0.000007	0.000311	0.999918	-0.003565	0.003613	-0.000581	0.999810	0.000803	-0.001169	0.018176
0.999958	0.000247	-0.000074	0.000549	0.999883	0.000138	0.000061	0.000171	0.999911	0.000106	0.000007	0.000311	0.999914	-0.003566	0.003552	-0.000576	0.999783	0.001014	-0.000589	0.019757
0.999958	0.000247	-0.000074	0.000549	0.999883	0.000138	0.000061	0.000171	0.999911	0.000106	0.000007	0.000311	0.999910	-0.003628	0.003431	-0.000563	0.999753	0.000498	0.001470	0.018788
0.999959	0.000189	-0.000010	0.000549	0.999883	0.000138	0.000061	0.000171	0.999911	0.000106	0.000007	0.000311	0.999910	-0.003628	0.003431	-0.000563	0.999806	0.000383	0.001958	0.018653
0.999959	0.000189	-0.000010	0.000549	0.999883	0.000138	0.000061	0.000171	0.999911	0.000106	0.000007	0.000311	0.999910	-0.003628	0.003431	-0.000563	0.999804	0.000384	0.002080	0.018651
0.999959	0.000189	-0.000010	0.000549	0.999883	0.000078	0.000061	0.000177	0.999911	0.000106	0.000007	0.000311	0.999910	-0.003628	0.003431	-0.000563	0.999803	0.000323	0.002141	0.018648
0.999958	0.000186	-0.000071	0.000549	0.999883	0.000138	0.000061	0.000171	0.999911	0.000106	0.000007	0.000311	0.999910	-0.003628	0.003431	-0.000563	0.999803	0.000263	0.002202	0.018646
0.999958	0.000125	-0.000068	0.000550	0.999883	0.000078	0.000061	0.000177	0.999911	0.000106	0.000007	0.000311	0.999910	-0.003628	0.003431	-0.000563	0.999803	0.000263	0.002202	0.018646
0.999959	0.000189	-0.000010	0.000549	0.999889	0.000077	0.000122	0.000177	0.999911	0.000106	0.000007	0.000311	0.999910	-0.003628	0.003431	-0.000563	0.999804	0.000202	0.002203	0.018644
0.999959	0.000128	-0.000007	0.000550	0.999889	0.000138	0.000122	0.000171	0.999911	0.000106	0.000007	0.000311	0.999910	-0.003628	0.003431	-0.000563	0.999804	0.000202	0.002203	0.018644
0.999959	0.000128	-0.000007	0.000550	0.999889	0.000138	0.000122	0.000171	0.999912	0.000042	0.000010	0.000369	0.999910	-0.003628	0.003431	-0.000563	0.999803	0.000202	0.002264	0.018643
0.999959	0.000128	-0.000007	0.000550	0.999883	0.000138	0.000061	0.000171	0.999912	0.000042	0.000010	0.000369	0.999915	-0.003627	0.003492	-0.000568	0.999803	0.000202	0.002264	0.018643
0.999959	0.000128	-0.000007	0.000550	0.999883	0.000138	0.000061	0.000171	0.999912	0.000042	0.000010	0.000369	0.999915	-0.003627	0.003492	-0.000568	0.999804	0.000141	0.002264	0.018642
0.999959	0.000128	-0.000007	0.000550	0.999883	0.000138	0.000061	0.000171	0.999913	0.000045	0.000008	0.000308	0.999919	-0.003688	0.003492	-0.000563	0.999799	0.000203	0.002447	0.018640
0.999959	0.000128	-0.000007	0.000550	0.999883	0.000138	0.000061	0.000171	0.999913	0.000045	0.000008	0.000308	0.999915	-0.003627	0.003492	-0.000568	0.999799	0.000203	0.002447	0.018640
0.999959	0.000128	-0.000007	0.000550	0.999883	0.000138	0.000061	0.000171	0.999914	-0.000019	0.000011	0.000365	0.999915	-0.003627	0.003492	-0.000568	0.999799	0.000203	0.002447	0.018640
0.999959	0.000189	-0.000010	0.000549	0.999883	0.000138	0.000061	0.000171	0.999912	0.000042	0.000010	0.000369	0.999915	-0.003627	0.003492	-0.000568	0.999802	0.000142	0.002386	0.018639
0.999958	0.000186	-0.000071	0.000549	0.999883	0.000138	0.000061	0.000171	0.999912	0.000042	0.000010	0.000369	0.999915	-0.003627	0.003492	-0.000568	0.999802	0.000142	0.002386	0.018639
0.999959	0.000189	-0.000010	0.000549	0.999883	0.000138	0.000061	0.000171	0.999914	-0.000019	0.000011	0.000365	0.999915	-0.003627	0.003492	-0.000568	0.999802	0.000142	0.002386	0.018639
0.999956	0.000190	-0.000010	0.000610	0.999883	0.000138	0.000061	0.000171	0.999911	-0.000018	0.000072	0.000364	0.999915	-0.003627	0.003492	-0.000568	0.999801	0.000140	0.002387	0.018700
0.999956	0.000190	-0.000010	0.000610	0.999889	0.000138	0.000122	0.000171	0.999911	-0.000018	0.000072	0.000364	0.999915	-0.003627	0.003492	-0.000568	0.999801	0.000140	0.002387	0.018700
0.999956	0.000190	-0.000010	0.000610	0.999883	0.000199	0.000062	0.000165	0.999911	-0.000018	0.000072	0.000364	0.999915	-0.003627	0.003492	-0.000568	0.999802	0.000079	0.002388	0.018699
0.999956	0.000190	-0.000010	0.000610	0.999883	0.000199	0.000062	0.000165	0.999912	-0.000015	0.000070	0.000303	0.999919	-0.003684	0.003497	-0.000503	0.999802	0.000079	0.002388	0.018699
0.999956	0.000190	-0.000010	0.000610	0.999889	0.000199	0.000122	0.000165	0.999912	-0.000015	0.000070	0.000303	0.999910	-0.003624	0.003436	-0.000502	0.999802	0.000079	0.002388	0.018699
0.999956	0.000129	-0.000008	0.000611	0.999889	0.000199	0.000122	0.000165	0.999912	-0.000015	0.000070	0.000303	0.999910	-0.003624	0.003436	-0.000502	0.999802	0.000019	0.002449	0.018696
0.999957	0.000193	0.000051	0.000610	0.999889	0.000199	0.000122	0.000165	0.999906	0.000044	0.000132	0.000365	0.999910	-0.003624	0.003436	-0.000502	0.999802	0.000019	0.002449	0.018696
0.999956	0.000190	-0.000010	0.000610	0.999889	0.000199	0.000122	0.000165	0.999907	0.000047	0.000130	0.000304	0.999910	-0.003624	0.003436	-0.000502	0.999802	0.000019	0.002449	0.018696
0.999956	0.000190	-0.000010	0.000610	0.999889	0.000199	0.000122	0.000165	0.999909	0.000043	0.000071	0.000367	0.999910	-0.003624	0.003436	-0.000502	0.999802	0.000017	0.002450	0.018757
0.999956	0.000190	-0.000010	0.000610	0.999889	0.000199	0.000122	0.000165	0.999909	0.000043	0.000071	0.000367	0.999910	-0.003624	0.003436	-0.000502	0.999802	0.000019	0.002449	0.018696
0.999956	0.000190	-0.000010	0.000610	0.999894	0.000199	0.000183	0.000165	0.999909	0.000043	0.000071	0.000367	0.999910	-0.003624	0.003436	-0.000502	0.999801	0.000019	0.002510	0.018695
0.999957	0.000193	0.000051	0.000610	0.999894	0.000199	0.000183	0.000165	0.999909	0.000043	0.000071	0.000367	0.999910	-0.003624	0.003436	-0.000502	0.999801	0.000019	0.002510	0.018695
0.999956	0.000190	-0.000010	0.000610	0.999894	0.000199	0.000183	0.000165	0.999909	0.000043	0.000071	0.000367	0.999910	-0.003624	0.003436	-0.000502	0.999801	0.000019	0.002510	0.018695
0.999956	0.000190	-0.000010	0.000610	0.999894	0.000199	0.000183	0.000165	0.999909	0.000043	0.000071	0.000367	0.999910	-0.003624	0.003436	-0.000502	0.999802	0.000017	0.002450	0.018757
0.999956	0.000190	-0.000010	0.000610	0.999894	0.000199	0.000183	0.000165	0.999909	0.000043	0.000071	0.000367	0.999910	-0.003624	0.003436	-0.000502	0.999736	0.000359	0.002099	0.019688
0.999956	0.000190	-0.000010	0.000610	0.999894	0.000199	0.000183	0.000165	0.999909	0.000043	0.000071	0.000367	0.999910	-0.003624	0.003436	-0.000502	0.999752	0.000410	0.003828	0.020631
0.999956	0.000190	-0.000010	0.000610	0.999894	0.000199	0.000183	0.000165	0.999909	0.000043	0.000071	0.000367	0.999914	-0.003684	0.003436	-0.000498	0.999777	-0.000420	0.003750	0.019515
0.999956	0.000190	-0.000010	0.000610	0.999894	0.000199	0.000183	0.000165	0.999909	0.000043	0.000071	0.000367	0.999914	-0.003684	0.003436	-0.000498	0.999759	-0.001075	0.002695	0.018483
0.999953	0.000191	-0.000011	0.000671	0.999894	0.000199	0.000183	0.000165	0.999911	0.000039	0.000012	0.000430	0.999914	-0.003684	0.003436	-0.000498	0.999766	-0.000443	0.004636	0.018031
0.999953	0.000188	-0.000071	0.000671	0.999894	0.000199	0.000183	0.000165	0.999911	0.000039	0.000012	0.000430	0.999914	-0.003684	0.003436	-0.000498	0.999766	-0.000308	0.004685	0.017484
0.999953	0.000191	-0.000011	0.000671	0.999894	0.000199	0.000183	0.000165	0.999911	0.000039	0.000012	0.000430	0.999914	-0.003684	0.003436	-0.000498	0.999777	-0.000425	0.004375	0.017182
0.999953	0.000188	-0.000071	0.000671	0.999894	0.000193	0.000183	0.000104	0.999911	0.000039	0.000012	0.000430	0.999919	-0.003745	0.003437	-0.000494	0.999778	-0.000202	0.003901	0.017990
0.999953	0.000191	-0.000011	0.000671	0.999894	0.000193	0.000183	0.000104	0.999911	0.000039	0.000012	0.000430	0.999919	-0.003745	0.003437	-0.000494	0.999774	-0.000146	0.003967	0.018235
0.999953	0.000188	-0.000071	0.000671	0.999894	0.000199	0.000183	0.000165	0.999911	0.000039	0.000012	0.000430	0.999914	-0.003684	0.003436	-0.000498	0.999767	-0.000262	0.004453	0.018100
0.999953	0.000188	-0.000071	0.000671	0.999894	0.000199	0.000183	0.000165	0.999911	0.000039	0.000012	0.000430	0.999914	-0.003684	0.003436	-0.000498	0.999766	-0.000260	0.004513	0.018038
0.999953	0.000188	-0.000071	0.000671	0.999889	0.000193	0.000122	0.000104	0.999911	0.000039	0.000012	0.000430	0.999914	-0.003684	0.003436	-0.000498	0.999764	-0.000261	0.004575	0.018098
0.999953	0.000188	-0.000071	0.000671	0.999889	0.000193	0.000122	0.000104	0.999913	-0.000022	0.000013	0.000426	0.999914	-0.003684	0.003436	-0.000498	0.999751	-0.000440	0.005308	0.018079
0.999953	0.000188	-0.000071	0.000671	0.999894	0.000193	0.000183	0.000104	0.999913	-0.000022	0.000013	0.000426	0.999910	-0.003685	0.003376	-0.000494	0.999773	-0.000856	0.007389	0.018150
0.999953	0.000188	-0.000071	0.000671	0.999894	0.000193	0.000183	0.000104	0.999913	-0.000022	0.000013	0.000426	0.999910	-0.003685	0.003376	-0.000494	0.999780	-0.000855	0.007142	0.018033
0.999953	0.000188	-0.000071	0.000671	0.999894	0.000193	0.000183	0.000104	0.999911	0.000039	0.000012	0.000430	0.999910	-0.003685	0.003376	-0.000494	0.999797	-0.000553	0.006101	0.017938
0.999952	0.000127	-0.000069	0.000672	0.999894	0.000193	0.000183	0.000104	0.999916	-0.000023	-0.000048	0.000428	0.999910	-0.003685	0.003376	-0.000494	0.999797	-0.000553	0.006101	0.017938
0.999952	0.000127	-0.000069	0.000672	0.999894	0.000199	0.000183	0.000165	0.999916	-0.000023	-0.000048	0.000428	0.999910	-0.003685	0.003376	-0.000494	0.999796	-0.000494	0.006102	0.018001
0.999952	0.000127	-0.000069	0.000672	0.999894	0.000193	0.000183	0.000104	0.999915	-0.000026	-0.000046	0.000489	0.999910	-0.003681	0.003380	-0.000433	0.999797	-0.000494	0.006041	0.018002
0.999952	0.000127	-0.000069	0.000672	0.999894	0.000193	0.000183	0.000104	0.999913	0.000035	-0.000047	0.000492	0.999910	-0.003681	0.003380	-0.000433	0.999797	-0.000494	0.006041	0.018002
0.999952	0.000127	-0.000069	0.000672	0.999894	0.000193	0.000183	0.000104	0.999914	0.000038	-0.000049	0.000431	0.999910	-0.003685	0.003376	-0.000494	0.999797	-0.000494	0.006041	0.018002
0.999952	0.000127	-0.000069	0.000672	0.999889	0.000193	0.000122	0.000104	0.999914	0.000038	-0.000049	0.000431	0.999910	-0.003681	0.003380	-0.000433	0.999797	-0.000494	0.006041	0.018002
0.999952	0.000127	-0.000069	0.000672	0.999889	0.000193	0.000122	0.000104	0.999914	0.000038	-0.000049	0.000431	0.999910	-0.003685	0.003376	-0.000494	0.999791	-0.000614	0.006407	0.017992
0.999952	0.000124	-0.000130	0.000672	0.999889	0.000193	0.000122	0.000104	0.999914	0.000038	-0.000049	0.000431	0.999910	-0.003685	0.003376	-0.000494	0.999787	-0.000675	0.006653	0.018046
0.999952	0.000127	-0.000069	0.000672	0.999889	0.000193	0.000122	0.000104	0.999914	0.000038	-0.000049	0.000431	0.999910	-0.003685	0.003376	-0.000494	0.999794	-0.000794	0.006467	0.017864
0.999952	0.000127	-0.000069	0.000672	0.999894	0.000132	0.000183	0.000110	0.999914	0.000038	-0.000049	0.000431	0.999910	-0.003681	0.003380	-0.000433	0.999796	-0.000794	0.006406	0.017866
0.999952	0.000185	-0.000132	0.000671	0.999889	0.000138	0.000122	0.000171	0.999914	0.000038	-0.000049	0.000431	0.999966	-0.003616	0.003375	-0.000437	0.999780	-0.000192	0.006471	0.018244
0.999952	0.000185	-0.000132	0.000671	0.999889	0.000138	0.000122	0.000171	0.999914	0.000038	-0.000049	0.000431	0.999911	-0.003746	0.003315	-0.000485	0.999756	0.004804	0.008912	0.016658
0.999953	0.000188	-0.000071	0.000671	0.999889	0.000138	0.000122	0.000171	0.999913	0.000035	-0.000047	0.000492	0.999913	-0.004045	0.003934	-0.000450	0.999668	0.016008	0.011829	0.013309
0.999953	0.000188	-0.000071	0.000671	0.999889	0.000138	0.000122	0.000171	0.999913	0.000035	-0.000047	0.000492	0.999910	-0.004339	0.004497	-0.000349	0.999396	0.027194	0.017831	0.008736
0.999953	0.000188	-0.000071	0.000671	0.999889	0.000138	0.000122	0.000171	0.999913	0.000035	-0.000047	0.000492	0.999904	-0.004139	0.005545	-0.000256	0.998623	0.036999	0.035544	-0.002396
0.999953	0.000188	-0.000071	0.000671	0.999889	0.000138	0.000122	0.000171	0.999913	0.000035	-0.000047	0.000492	0.999919	-0.003642	0.005424	-0.000158	0.997035	0.025779	0.071515	0.002357
0.999953	0.000188	-0.000071	0.000671	0.999889	0.000138	0.000122	0.000171	0.999913	0.000035	-0.000047	0.000492	0.999953	-0.004137	0.005359	-0.000242	0.994265	0.027771	0.102918	0.003828
0.999950	0.000189	-0.000072	0.000732	0.999889	0.000138	0.000122	0.000171	0.999915	-0.000026	-0.000046	0.000489	0.999903	-0.005543	0.005809	-0.000181	0.992275	0.038336	0.117704	0.000520
0.999950	0.000189	-0.000072	0.000732	0.999889	0.000138	0.000122	0.000171	0.999915	-0.000026	-0.000046	0.000489	0.999910	-0.006563	0.006759	0.000921	0.987782	0.038742	0.150696	0.003501
0.999950	0.000250	-0.000074	0.000731	0.999889	0.000138	0.000122	0.000171	0.999915	-0.000026	-0.000046	0.000489	0.999912	-0.007326	0.007053	0.002300	0.981238	0.039548	0.188238	0.004372
0.999953	0.000188	-0.000071	0.000671	0.999889	0.000138	0.000122	0.000171	0.999912	-0.000025	0.000015	0.000487	0.999904	-0.007069	0.007247	0.002452	0.971252	0.042305	0.234109	0.001801
0.999952	0.000185	-0.000132	0.000671	0.999889	0.000199	0.000122	0.000165	0.999912	-0.000025	0.000015	0.000487	0.999912	-0.007125	0.007312	0.002513	0.953262	0.045071	0.298480	0.001985
0.999949	0.000186	-0.000133	0.000732	0.999889	0.000199	0.000122	0.000165	0.999912	-0.000025	0.000015	0.000487	0.999880	-0.007240	0.007630	0.002619	0.936130	0.061075	0.346180	-0.000917
0.999949	0.000186	-0.000133	0.000732	0.999889	0.000199	0.000122	0.000165	0.999912	-0.000025	0.000015	0.000487	0.999882	-0.007113	0.007816	0.002658	0.914512	0.080608	0.396212	-0.009371
0.999953	0.000188	-0.000071	0.000671	0.999889	0.000199	0.000122	0.000165	0.999910	0.000036	0.000014	0.000490	0.999914	-0.006732	0.007822	0.002816	0.878327	0.102920	0.466514	-0.015999
0.999953	0.000188	-0.000071	0.000671	0.999894	0.000199	0.000183	0.000165	0.999912	-0.000025	0.000015	0.000487	0.999895	-0.005568	0.007022	0.002920	0.850541	0.107461	0.514581	-0.007383
0.999950	0.000189	-0.000072	0.000732	0.999894	0.000199	0.000183	0.000165	0.999912	-0.000025	0.000015	0.000487	0.999887	-0.005569	0.006901	0.002929	0.817666	0.111448	0.564555	-0.010757
0.999953	0.000188	-0.000071	0.000671	0.999894	0.000199	0.000183	0.000165	0.999912	-0.000025	0.000015	0.000487	0.999913	-0.004948	0.006172	0.003125	0.786880	0.124467	0.604072	-0.017551
0.999950	0.000189	-0.000072	0.000732	0.999894	0.000199	0.000183	0.000165	0.999912	-0.000025	0.000015	0.000487	0.999908	-0.004457	0.005742	0.003186	0.755553	0.123128	0.643090	-0.016418
0.999950	0.000189	-0.000072	0.000732	0.999894	0.000199	0.000183	0.000165	0.999912	-0.000025	0.000015	0.000487	0.999904	-0.003910	0.005369	0.003176	0.710562	0.120849	0.692690	-0.023661
0.999950	0.000189	-0.000072	0.000732	0.999894	0.000193	0.000183	0.000104	0.999912	-0.000025	0.000015	0.000487	0.999899	-0.003845	0.005373	0.003233	0.681657	0.112866	0.722505	-0.023332
0.999949	0.000186	-0.000133	0.000732	0.999894	0.000193	0.000183	0.000104	0.999912	-0.000025	0.000015	0.000487	0.999946	-0.003658	0.005367	0.003221	0.668755	0.106334	0.735326	-0.026135
0.999950	0.000189	-0.000072	0.000732	0.999889	0.000193	0.000122	0.000104	0.999912	-0.000025	0.000015	0.000487	0.999933	-0.003537	0.005305	0.003218	0.658544	0.107367	0.744172	-0.030015
0.999950	0.000189	-0.000072	0.000732	0.999894	0.000193	0.000183	0.000104	0.999912	-0.000025	0.000015	0.000487	0.999935	-0.002866	0.005173	0.003182	0.651448	0.113063	0.749297	-0.035772
0.999950	0.000128	-0.000069	0.000733	0.999894	0.000193	0.000183	0.000104	0.999912	-0.000025	0.000015	0.000487	0.999918	-0.002746	0.005050	0.003183	0.650089	0.115706	0.750124	-0.034822
0.999950	0.000128	-0.000069	0.000733	0.999895	0.000138	0.000183	0.000171	0.999912	-0.000025	0.000015	0.000487	0.999923	-0.002806	0.005051	0.003187	0.652344	0.118348	0.747730	-0.034151
0.999950	0.000128	-0.000069	0.000733	0.999889	0.000199	0.000122	0.000165	0.999912	-0.000025	0.000015	0.000487	0.999923	-0.002806	0.005051	0.003187	0.657433	0.119398	0.743138	-0.034065
0.999950	0.000128	-0.000069	0.000733	0.999889	0.000199	0.000122	0.000165	0.999912	-0.000025	0.000015	0.000487	0.999941	-0.003049	0.005053	0.003204	0.661897	0.120616	0.738963	-0.033744
0.999950	0.000189	-0.000072	0.000732	0.999889	0.000138	0.000122	0.000171	0.999910	0.000036	0.000014	0.000490	0.999941	-0.003049	0.005053	0.003204	0.664818	0.120960	0.736344	-0.033544
0.999950	0.000128	-0.000069	0.000733	0.999895	0.000138	0.000183	0.000171	0.999910	0.000036	0.000014	0.000490	0.999946	-0.003114	0.005049	0.003147	0.667912	0.122216	0.733300	-0.033131
0.999950	0.000128	-0.000069	0.000733	0.999895	0.000138	0.000183	0.000171	0.999909	0.000033	0.000016	0.000551	0.999946	-0.003114	0.005049	0.003147	0.670263	0.122840	0.731109	-0.032203
0.999950	0.000128	-0.000069	0.000733	0.999894	0.000199	0.000183	0.000165	0.999909	0.000033	0.000016	0.000551	0.999946	-0.003114	0.005049	0.003147	0.672308	0.123278	0.729154	-0.031348
0.999950	0.000128	-0.000069	0.000733	0.999894	0.000199	0.000183	0.000165	0.999912	0.000031	-0.000045	0.000553	0.999950	-0.003175	0.005050	0.003151	0.674944	0.122283	0.726896	-0.031492
0.999950	0.000189	-0.000072	0.000732	0.999894	0.000199	0.000183	0.000165	0.999909	0.000033	0.000016	0.000551	0.999950	-0.003175	0.005050	0.003151	0.676610	0.123406	0.725155	-0.031544
0.999950	0.000189	-0.000072	0.000732	0.999894	0.000199	0.000183	0.000165	0.999909	0.000033	0.000016	0.000551	0.999950	-0.003175	0.005050	0.003151	0.677563	0.126040	0.723820	-0.031391
0.999950	0.000189	-0.000072	0.000732	0.999889	0.000199	0.000122	0.000165	0.999909	0.000033	0.000016	0.000551	0.999950	-0.003175	0.005050	0.003151	0.679269	0.127995	0.721974	-0.030384
0.999950	0.000128	-0.000069	0.000733	0.999889	0.000193	0.000122	0.000104	0.999909	0.000033	0.000016	0.000551	0.999950	-0.003175	0.005050	0.003151	0.680043	0.129941	0.720896	-0.029642
0.999950	0.000130	-0.000008	0.000733	0.999889	0.000132	0.000122	0.000110	0.999909	0.000033	0.000016	0.000551	0.999955	-0.003236	0.005050	0.003155	0.679088	0.130631	0.721690	-0.028366
0.999950	0.000128	-0.000069	0.000733	0.999889	0.000132	0.000122	0.000110	0.999912	0.000031	-0.000045	0.000553	0.999955	-0.003236	0.005050	0.003155	0.679901	0.130394	0.720981	-0.028169
****************************** MARCA-1 ******************************
0.999950	0.000130	-0.000008	0.000733	0.999889	0.000132	0.000122	0.000110	0.999909	0.000033	0.000016	0.000551	0.999951	-0.003236	0.004990	0.003160	0.681269	0.130660	0.719665	-0.028251
0.999950	0.000130	-0.000008	0.000733	0.999889	0.000193	0.000122	0.000104	0.999909	0.000033	0.000016	0.000551	0.999946	-0.003175	0.004989	0.003156	0.682742	0.132077	0.717986	-0.027932
0.999950	0.000128	-0.000069	0.000733	0.999889	0.000132	0.000122	0.000110	0.999909	0.000033	0.000016	0.000551	0.999946	-0.003175	0.004989	0.003156	0.682270	0.134398	0.718014	-0.028372
0.999950	0.000128	-0.000069	0.000733	0.999889	0.000132	0.000122	0.000110	0.999909	0.000033	0.000016	0.000551	0.999947	-0.003180	0.004985	0.003095	0.681662	0.136806	0.718189	-0.027348
0.999950	0.000128	-0.000069	0.000733	0.999889	0.000132	0.000122	0.000110	0.999912	0.000031	-0.000045	0.000553	0.999942	-0.003119	0.004984	0.003091	0.681830	0.137773	0.717831	-0.026829
0.999950	0.000128	-0.000069	0.000733	0.999889	0.000138	0.000122	0.000171	0.999912	0.000031	-0.000045	0.000553	0.999947	-0.003180	0.004985	0.003095	0.681883	0.138192	0.717716	-0.026451
0.999950	0.000128	-0.000069	0.000733	0.999889	0.000138	0.000122	0.000171	0.999912	0.000031	-0.000045	0.000553	0.999943	-0.003180	0.004924	0.003099	0.682422	0.139220	0.717065	-0.025679
0.999950	0.000128	-0.000069	0.000733	0.999894	0.000132	0.000183	0.000110	0.999912	0.000031	-0.000045	0.000553	0.999943	-0.003180	0.004924	0.003099	0.681672	0.139264	0.717725	-0.025451
0.999950	0.000128	-0.000069	0.000733	0.999894	0.000132	0.000183	0.000110	0.999912	0.000031	-0.000045	0.000553	0.999942	-0.003119	0.004984	0.003091	0.682164	0.139377	0.717262	-0.024704
0.999950	0.000128	-0.000069	0.000733	0.999889	0.000132	0.000122	0.000110	0.999911	0.000028	-0.000043	0.000614	0.999947	-0.003180	0.004985	0.003095	0.683222	0.139447	0.716252	-0.024431
0.999950	0.000128	-0.000069	0.000733	0.999894	0.000132	0.000183	0.000110	0.999911	0.000028	-0.000043	0.000614	0.999942	-0.003119	0.004984	0.003091	0.683332	0.140425	0.715943	-0.024463
0.999950	0.000130	-0.000008	0.000733	0.999894	0.000132	0.000183	0.000110	0.999914	0.000027	-0.000104	0.000616	0.999942	-0.003119	0.004984	0.003091	0.683324	0.140849	0.715882	-0.024330
0.999950	0.000128	-0.000069	0.000733	0.999894	0.000132	0.000183	0.000110	0.999914	0.000027	-0.000104	0.000616	0.999938	-0.003119	0.004923	0.003095	0.684066	0.141290	0.715099	-0.024483
0.999950	0.000130	-0.000008	0.000733	0.999894	0.000193	0.000183	0.000104	0.999914	0.000027	-0.000104	0.000616	0.999938	-0.003058	0.004983	0.003087	0.684364	0.141828	0.714750	-0.023791
0.999950	0.000130	-0.000008	0.000733	0.999894	0.000199	0.000183	0.000165	0.999911	0.000028	-0.000043	0.000614	0.999938	-0.003058	0.004983	0.003087	0.683971	0.142977	0.714861	-0.023586
0.999950	0.000130	-0.000008	0.000733	0.999894	0.000199	0.000183	0.000165	0.999911	0.000028	-0.000043	0.000614	0.999934	-0.003059	0.004923	0.003091	0.684453	0.143892	0.714261	-0.023307
0.999950	0.000130	-0.000008	0.000733	0.999889	0.000199	0.000122	0.000165	0.999911	0.000028	-0.000043	0.000614	0.999938	-0.003058	0.004983	0.003087	0.685011	0.143952	0.713733	-0.022864
0.999950	0.000130	-0.000008	0.000733	0.999894	0.000199	0.000183	0.000165	0.999911	0.000028	-0.000043	0.000614	0.999933	-0.002997	0.004983	0.003083	0.685261	0.144084	0.713426	-0.023159
0.999950	0.000130	-0.000008	0.000733	0.999889	0.000199	0.000122	0.000165	0.999911	0.000028	-0.000043	0.000614	0.999933	-0.002997	0.004983	0.003083	0.684938	0.144624	0.713664	-0.022970
0.999950	0.000130	-0.000008	0.000733	0.999889	0.000199	0.000122	0.000165	0.999911	0.000028	-0.000043	0.000614	0.999938	-0.003058	0.004983	0.003087	0.684501	0.144677	0.714021	-0.022917
0.999950	0.000191	-0.000011	0.000732	0.999889	0.000199	0.000122	0.000165	0.999911	0.000028	-0.000043	0.000614	0.999938	-0.003062	0.004979	0.003026	0.685311	0.141171	0.713982	-0.023784
0.999950	0.000191	-0.000011	0.000732	0.999889	0.000193	0.000122	0.000104	0.999911	0.000028	-0.000043	0.000614	0.999938	-0.003062	0.004979	0.003026	0.689789	0.131332	0.711481	-0.025516
0.999950	0.000191	-0.000011	0.000732	0.999889	0.000199	0.000122	0.000165	0.999914	0.000027	-0.000104	0.000616	0.999919	-0.007262	0.007364	0.003193	0.711895	0.076773	0.697549	-0.024375
0.999950	0.000191	-0.000011	0.000732	0.999889	0.000132	0.000122	0.000110	0.999913	0.000024	-0.000102	0.000677	0.999850	-0.009963	0.009304	0.006604	0.712829	0.029890	0.698958	-0.048228
0.999950	0.000191	-0.000011	0.000732	0.999889	0.000132	0.000122	0.000110	0.999913	0.000024	-0.000102	0.000677	0.999866	-0.008402	0.009500	0.006975	0.684798	0.012253	0.723072	-0.089152
0.999950	0.000191	-0.000011	0.000732	0.999889	0.000132	0.000122	0.000110	0.999913	0.000024	-0.000102	0.000677	0.999843	-0.007345	0.009448	0.007214	0.647559	-0.041158	0.752426	-0.112844
0.999950	0.000191	-0.000011	0.000732	0.999883	0.000133	0.000061	0.000110	0.999913	0.000024	-0.000102	0.000677	0.999884	-0.006967	0.009571	0.007303	0.626467	-0.088474	0.763023	-0.132017
0.999950	0.000191	-0.000011	0.000732	0.999883	0.000138	0.000061	0.000171	0.999916	0.000023	-0.000163	0.000679	0.999851	-0.006472	0.009636	0.007387	0.590703	-0.123876	0.778004	-0.174362
